0.0 0.0 0.0 0.0 0.0 0.0 0.0 1.0
1.0 -0.004755658005550484 0.011414444880395256 -0.012067301060270466 0.004702104303031773 0.0006423739743792305 0.00021234585601830546 0.9999887161763565
2.0 -0.00032532914889859567 0.0056096234481081 -0.007652848489056696 0.0006220939358627205 0.0006186743465231535 0.002044088262200224 0.9999975259691216
3.0 0.003861336765864405 0.004150590364960344 -0.006524295662736367 -0.0003990552854969605 -0.0004468604739440119 0.0026419427965298256 0.9999963305976957
4.0 0.007603973722231642 0.0037371180355947487 -0.0031199386415887292 -0.00016423368817769485 5.05230472029189e-05 0.0030869630283637804 0.999995220555568
5.0 0.009151669984552472 0.006055403315755812 -0.003261393577081717 0.0018094193829706453 0.0006614018025608134 0.0030483866327606817 0.9999934979229061
6.0 0.012275355690693822 0.006334962963615448 -0.0006712885951083492 0.0036364490532887032 0.002524839698312979 0.0033244589212132604 0.9999846745803967
7.0 0.015414982571649562 0.00430686794847915 0.000816396064478666 0.005267261633751698 0.0029572814831124628 0.0032097989832187415 0.9999766035421022
8.0 0.016020797837039066 0.010587728505905858 -0.0027401972559718073 0.009069625584064815 0.00354222133159239 0.0005111578259666509 0.9999524655089761
9.0 0.016715461694992 0.011145620286722325 -0.0060729723547957625 0.009407340675399584 0.003434672876835449 -0.0023965151323264706 0.9999469794338431
