0.0 0.0 0.0 0.0 0.0 0.0 0.0 1.0
1.0 0.005344077765237022 0.00650690031985366 0.0012696851656059528 0.0011151006100101554 -0.0007129272198669655 0.000552321958068637 0.9999989716124029
2.0 0.008140705114444285 0.005644444930847203 0.0036522527457142307 -0.0011325035502871468 -0.0010031424630494023 0.0020264037921582695 0.999996802409177
3.0 0.007949440692291625 0.0012877270225076026 0.006604573703767913 -0.004244451849511938 0.0009085541397777479 0.0011056928751504368 0.999989968250251
4.0 0.010610454147699533 0.005644847346204083 0.007300790742352508 -0.004334728857667633 0.002454246164336692 0.0022193059824591457 0.9999851306306767
5.0 0.0114587909483876 0.004655214933603014 0.01085395080070997 -0.00562436443648444 0.003726611004469552 0.00233642846812405 0.9999745096736818
6.0 0.014526269698345848 0.004399115149549043 0.01328026880673922 -0.006351547068566156 0.00429389055369942 0.002313997886655153 0.9999679323695981
7.0 0.016585691283627364 0.005197138789089062 0.015043984658042214 -0.006964465852133479 0.004768201454700899 0.002900707932510308 0.9999601723887668
8.0 0.01754145491379229 0.006781785225994273 0.01991095656248683 -0.007108307286300039 0.005115759368208028 0.0030961376613079525 0.9999568565219162
9.0 0.020351861692645343 0.008260059960881899 0.019253138692251235 -0.006828419129425697 0.00527334432041725 0.004395393314252934 0.9999531214259418
