0.0 0.0 0.0 0.0 0.0 0.0 0.0 1.0
1.0 0.004518108856523679 0.006254020628749423 -8.785477355603522e-05 0.0010010394211974513 -0.000536595838590901 0.00046091484836959835 0.9999992487709607
2.0 0.007617486611328507 0.006061304853386386 0.003629520884614836 -0.0010389282108905615 -0.0005847842835760294 0.0018848416039100643 0.9999975130107286
3.0 0.007639313489587403 0.001554230612893565 0.006982641435151017 -0.00421144854300541 0.0010573908669173591 0.0011477377969989501 0.9999899141109742
4.0 0.01007663355562487 0.006376241780252011 0.007317603790257492 -0.004259511817179641 0.0026841060732440236 0.0021474953994035997 0.9999850200863892
5.0 0.011130301533903876 0.005491268527811462 0.010356870836690416 -0.005540690509986787 0.003927407939293042 0.0023380397884428163 0.9999742045600469
6.0 0.014498632615070041 0.0048503538236310305 0.012500963332990504 -0.006362284612027668 0.004485067777574194 0.0022819683749224773 0.9999670985196872
7.0 0.016931220565455495 0.005661675689776237 0.01438772810170405 -0.006922734111615318 0.00493213116755886 0.0028666968789649297 0.9999597651323626
8.0 0.017666774837465964 0.007621538700518237 0.01958074554387561 -0.006972030518801331 0.0052032175598343165 0.003067068080742384 0.9999574543003606
9.0 0.020060154354095087 0.007215117015588703 0.0188635039651086 -0.006871067640587344 0.005249554810129382 0.004517921134225811 0.9999524083637175
