0.0 0.0 0.0 0.0 0.0 0.0 0.0 1.0
1.0 -0.005557683384673712 0.010783106728064975 -0.011047745749880334 0.004560876811256643 0.000495867266270939 0.0011048888568298465 0.9999888658075052
2.0 -0.0012809387396723482 0.005142865110449492 -0.0074136261179303204 0.001572673053850984 0.000659636282708235 0.002507891541739939 0.9999954010191522
3.0 0.0030902143878169556 0.0037395360810278475 -0.006316248415567826 0.00020694606873620532 -0.00035674984676904806 0.0033236179046034365 0.9999943917177214
4.0 0.007682303834823721 0.003325198884452937 -0.0020020541907722496 -0.0005490248256221302 -0.0007829433083140808 0.003998596737129012 0.9999915483621102
5.0 0.008541063390380299 0.006197201198096716 -0.0036551153526000043 0.0018056926073000202 -6.774943910566346e-05 0.003730842061467007 0.9999914078139541
6.0 0.011307194240626046 0.005464674661950729 -0.002858491032478494 0.0035970083892857426 0.00230701350274013 0.0037587129334230064 0.9999838055170842
7.0 0.015477106935137772 0.003803602298508722 -0.0009026148993176124 0.005364878666590689 0.002382376965384961 0.0036330042960687403 0.9999761715344382
8.0 0.017558943177059402 0.009255821254568582 -0.0038759660633508218 0.008770719091133979 0.0028842915735000306 0.0019750156420557355 0.999955426337573
9.0 0.01946475175602576 0.008859873725793969 -0.005324977868634672 0.008521317514387965 0.002555174768162656 -0.001188642361813303 0.9999597218683655
