0.0 0.0 0.0 0.0 0.0 0.0 0.0 1.0
1.0 0.007813776369904532 0.007925561036509071 0.0006775046211669291 0.0012669136484129472 -0.0008389365444380762 0.0005540820740661684 0.9999986920533132
2.0 0.006595763532503863 0.009082330959989891 0.005299503808976806 -0.0008608529838630702 0.00010712963762968948 0.0015018124605508131 0.9999984960062261
3.0 0.008578166881982667 0.0028417138689853924 0.006076908096748831 -0.0038023227753719857 0.0015484149835246893 0.000538139366440914 0.999991427542543
4.0 0.01189038654452463 0.010486850442676629 0.008632031085408463 -0.0036471860528145615 0.002735869436966077 0.0017438037179275457 0.9999880860294853
5.0 0.013264881334077265 0.00895867048255142 0.013834428373669891 -0.00504608054400441 0.0037100177830118007 0.0020214079575665064 0.9999783431400213
6.0 0.016563179183325925 0.009252826209335416 0.014863634543775985 -0.005559093252901891 0.004298142797623173 0.002822163377794353 0.9999713285112557
7.0 0.016480912748378835 0.008290243544662589 0.017799758149415073 -0.006459194712317535 0.005165732009782868 0.0025359642410896052 0.9999625807508197
8.0 0.020533048082492285 0.007832496986541395 0.019244424005570512 -0.0070369170081086676 0.005021934320734954 0.0031487521713962174 0.999957672771434
9.0 0.022203734722430764 0.01049109908481539 0.020754969849802785 -0.0065527803752659245 0.005255938941111908 0.004447529195564415 0.9999548268093192
