0.0 0.0 0.0 0.0 0.0 0.0 0.0 1.0
1.0 -0.010469595581830717 0.00010431407926534249 -0.00031985474448223286 -0.006630377771500193 0.006107796984706865 -0.00509955899637073 0.9999463622638183
2.0 -0.005476918206562651 0.011957235592124919 0.005452036673633504 -0.006301802115377005 0.006704891947020409 -0.0057674832341559415 0.999941032187009
3.0 -0.004729878188783221 0.011402582578118166 0.00964352283923925 -0.007860084067795146 0.008592125514052388 -0.008781068992213559 0.999893637986037
4.0 -0.009932098097790339 0.010414367184125367 0.01046081181670307 -0.008213257363249557 0.011057313462157048 -0.010824593805168339 0.9998465414209512
5.0 -0.007135637353389299 0.014419594655364265 0.008371492444626911 -0.005837951711284146 0.009364246649767712 -0.00952340126049812 0.9998937613731423
6.0 -0.005821278868616395 0.006389268552013098 0.007894793134736332 -0.00827946060517151 0.006417850066766213 -0.011160562056095131 0.9998828449309448
7.0 -0.008275580558375602 0.005400024392316872 0.005565841844675609 -0.007779087235007854 0.004942319527566422 -0.010385472641522772 0.9999035959718765
8.0 -0.014566825683817876 0.012320082369636286 0.0023102352230052812 -0.004968845115905276 0.006563157499305745 -0.009407995427163035 0.9999218595289814
9.0 -0.011802070075851599 0.012216704282443291 0.003401582766811617 -0.005212638599069833 0.004373798930952929 -0.00903985395262025 0.9999359876123383
