0.0 0.0 0.0 0.0 0.0 0.0 0.0 1.0
1.0 0.0062693915692390014 0.0076669818338563275 -0.0006864544373529762 0.001238861788741369 -0.0007404246125807728 0.0007264438083296341 0.9999986946352755
2.0 0.00693587770242852 0.00880145058636709 0.00445724326284046 -0.0008760111190353288 -0.0006298164320364718 0.0021069912795845048 0.9999971982578396
3.0 0.007925557417286245 0.002378680129415328 0.005571533999116885 -0.004130836382539705 0.0011831997334974355 0.000195861664369736 0.9999907488908985
4.0 0.011273359825319233 0.01124075344622559 0.007488928197188104 -0.003564901970494015 0.002765432635731369 0.001905610162093587 0.9999880061811682
5.0 0.012720350340241923 0.00911083525045402 0.012954111718599722 -0.005095197198932206 0.003749680390864906 0.0019221416333579982 0.9999781418781171
6.0 0.016408490252163996 0.008744142201958564 0.014195005869218342 -0.005677741498004961 0.004273711777596294 0.0027193641430521354 0.9999710514298807
7.0 0.015601787279753433 0.008297507078155051 0.01815813399251807 -0.006537592587181367 0.005199615255639461 0.0022979631378769344 0.9999624709206713
8.0 0.019102868128738876 0.007065375785790903 0.01884901170777408 -0.007112199321803894 0.005195454048254131 0.002953625466008829 0.999956849056321
9.0 0.022652598110991025 0.011666805932909892 0.019797390392882766 -0.006307187735746398 0.005100862279887088 0.004363185070888351 0.999957580701754
