0.0 0.0 0.0 0.0 0.0 0.0 0.0 1.0
1.0 0.005093822143754871 0.006913457923764918 0.0008993865723579696 0.0011900017361556603 -0.0007213949689681265 0.0005652476913443863 0.9999988719894708
2.0 0.006150607446483006 0.00561160685978389 0.0027677869723571366 -0.001299268359330923 -0.0003060345727322746 0.0013295912639150669 0.999998225214246
3.0 0.007730922406293488 0.0013829005330342967 0.005445619744879235 -0.004006306147416291 0.0013445598899986917 0.0008743639807304207 0.9999906885353406
4.0 0.010774370228596558 0.005832806001848502 0.006098549859845462 -0.004305627804253432 0.002517496044173912 0.0021758577147122852 0.9999851946034422
5.0 0.010848352231228467 0.004848128173361465 0.011430873658565668 -0.005558033939813472 0.003927764542197714 0.00226924869742346 0.9999742653862519
6.0 0.010552365753892857 0.005109491807420177 0.013013906556004661 -0.006324048059035194 0.004828631599608119 0.0022399903005562833 0.9999658360046486
7.0 0.013277373554106596 0.00496853869309253 0.013370233601659391 -0.0070989853813065405 0.005187950563302585 0.0029317593009218325 0.9999570462589431
8.0 0.016644964842341358 0.006588807923948523 0.01823324345043275 -0.007188240494773914 0.005068039692203407 0.0031112863226321692 0.9999564810878953
9.0 0.020272824275681934 0.008296176330610616 0.01795554298851017 -0.0068586900297950976 0.005017205073857407 0.004481006959970603 0.9999538522356654
