0.0 0.0 0.0 0.0 0.0 0.0 0.0 1.0
1.0 -0.0047556580055504 0.011414444880395258 -0.012067301060270385 0.00470210430303161 0.0006423739743792574 0.00021234585601829603 0.9999887161763565
2.0 -0.00032532914889847966 0.0056096234481081446 -0.007652848489056746 0.0006220939358627656 0.0006186743465231315 0.0020440882622002263 0.9999975259691216
3.0 0.0038613367658643046 0.0041505903649602955 -0.006524295662736221 -0.0003990552854969031 -0.00044686047394390294 0.0026419427965298187 0.9999963305976957
4.0 0.007603973722231596 0.0037371180355946295 -0.0031199386415891516 -0.00016423368817745823 5.05230472030534e-05 0.0030869630283637175 0.999995220555568
5.0 0.009151669984552356 0.006055403315755663 -0.003261393577082018 0.0018094193829705952 0.0006614018025609208 0.0030483866327606565 0.9999934979229061
6.0 0.012275355690693792 0.006334962963615364 -0.0006712885951082119 0.0036364490532886278 0.0025248396983129796 0.0033244589212132526 0.9999846745803967
7.0 0.015414982571649746 0.004306867948478802 0.0008163960644786374 0.005267261633751377 0.0029572814831123 0.0032097989832188733 0.9999766035421022
8.0 0.01602079783703856 0.010587728505906292 -0.002740197255972294 0.009069625584064347 0.0035422213315923472 0.0005111578259664942 0.9999524655089761
9.0 0.016715461694993064 0.011145620286721556 -0.006072972354795101 0.009407340675398682 0.003434672876834702 -0.0023965151323260383 0.9999469794338431
