0.0 0.0 0.0 0.0 0.0 0.0 0.0 1.0
1.0 0.005428649081634171 0.006733796948846196 0.0007204621975769028 0.001022001796427123 -0.000765614986882627 0.0007265111231450818 0.9999989207632216
2.0 0.006211849509707716 -0.00654093361689601 0.0018477445950303253 -0.00579482435013507 -0.00019747313442842294 -0.0029156000225272634 0.9999789399240471
3.0 0.008487952097308977 0.002371049433811391 0.007279260342509232 -0.0039576078756426835 0.0015617767779777304 0.0010313086232017893 0.9999904172519465
4.0 0.004588944363929424 -0.010339562323965637 0.005902032800146322 -0.009740529642978453 0.004169352181005391 -0.0015174300423673453 0.9999427163546577
5.0 0.011558687774116503 0.0033876568014796393 0.006506546721752598 -0.0058851592876890966 0.0034082295441130437 0.0025350317653463467 0.9999736608958668
6.0 0.015511538887776535 0.005359882313602485 0.013575370381969386 -0.006346281768586298 0.004273668595123317 0.0023078283602166543 0.999968066686488
7.0 0.016737893489316036 0.0055489314518860165 0.015250540800071575 -0.007070142862777726 0.004912236511486837 0.0030423723731754994 0.9999583126224303
8.0 0.01856993731149275 0.00668607205167054 0.01893668389988576 -0.007252740006531574 0.005019614307325316 0.003285498104610711 0.9999557023872647
9.0 0.02157566544582359 0.008024858566238243 0.019566289926162897 -0.007028540945192604 0.004951278980852757 0.004753951540439918 0.9999517410322294
10.0 0.027916801061263978 0.005971130755679207 0.02275480367752004 -0.00843826762208424 0.005053936231050068 0.007948956778293744 0.9999200305295656
11.0 0.029281292643306586 0.005378851397704687 0.027697082378245058 -0.008402740157037705 0.006236270107179564 0.009580597014506222 0.9998993524619613
12.0 0.033360164289473596 0.00360752612909012 0.028459747428228887 -0.008250872314789635 0.0069219755167563984 0.011425794440502167 0.9998767226925496
13.0 0.03495075743080026 -0.0007689524166751116 0.029326550576999882 -0.008485121092570363 0.008050820616110082 0.011441623895358213 0.9998661291643441
14.0 0.03339713652082119 1.7129577544577848e-05 0.0355912225013137 -0.007339929024308562 0.009789234163657163 0.012717743864503918 0.9998442655370905
15.0 0.03625195367068336 0.00034210649423988394 0.03281154561710546 -0.005981580592923517 0.010210133156073567 0.013990128236223377 0.9998321109998816
16.0 0.03856122711875392 -0.00275557954241042 0.03570567236971356 -0.004158609778391088 0.010466585295540613 0.015715062757751468 0.9998130792100502
17.0 0.03544397232518003 -0.01364018248184253 0.020797493914829077 -0.0047692678583453035 0.010797641551008829 0.01256764973342253 0.9998513485519781
18.0 0.04476799457693221 -0.002278510315480002 0.03274230146562472 0.0006843927724961966 0.011197976552682551 0.01668826811657786 0.9997977988748163
19.0 0.04725668020380116 0.0015247632990336476 0.03326072175411326 0.0011275686796375236 0.011753241230404481 0.017218324983644704 0.9997820358429181
20.0 0.04892811585007242 0.003600140575167135 0.03562120525225589 2.2357598903202642e-06 0.01250088891826099 0.017969873096601675 0.9997603770064839
21.0 0.05266989715000492 0.004447560477667585 0.03548701036418147 -0.0030492586167616574 0.012591826384484861 0.018204257355489722 0.9997503453084305
22.0 0.051392289156658444 -0.002452744935884401 0.027851920384840214 -0.010111874746888998 0.011992257674540485 0.01636823617627624 0.9997429752638667
23.0 0.07505869467073553 -0.014338538741935723 0.014731362026495654 -0.018964972342201934 0.005726237643334659 0.014203934693209564 0.9997028499838052
24.0 0.062076906001926675 0.0032559093731779716 0.02327818116541192 -0.025005235259076407 0.016367894865442035 0.015564480980848958 0.9994321273398754
25.0 0.07100917973756686 0.0057608600169750755 0.02640177301633608 -0.0321065765236408 0.01657424211318226 0.016381581653116623 0.9992127431257307
26.0 0.07232915730202504 0.011420405608963296 0.025398512399959862 -0.0364183394096174 0.01974810339292743 0.015275191281385672 0.9990247171608644
27.0 0.06952723667422027 -0.0036343014856826316 0.005487545184305998 -0.04758191561504059 0.022081283063800732 0.013601647718513866 0.9985306071543331
28.0 0.07412455778485125 0.022250557694360955 0.026547958779019762 -0.05031487935101801 0.025136608891605437 0.014353425698069747 0.9983138499390124
29.0 0.07903873798142887 0.0215842593950358 0.03326913629212725 -0.058140550405453094 0.027424376597262764 0.014610153548390748 0.9978246957156828
30.0 0.0814843026631054 0.025644136559623634 0.03055475870266497 -0.06482149605377768 0.0305716014194523 0.014841099651183137 0.9973180498703229
31.0 0.08898968208405736 0.03964685728883025 0.029407796916672384 -0.06733871780984703 0.03115166716293081 0.015435594242067509 0.9971242716668218
32.0 0.09208588279184354 0.03424769566337975 0.03940246097003447 -0.07611885610918535 0.036614398498056984 0.019354876835770307 0.9962382718556474
33.0 0.0843305561786147 0.019260004907188356 0.003638407361962984 -0.08420872951498323 0.042549577654628835 0.02265529867819251 0.9952814480119114
34.0 0.08751235616741412 0.014147070323790775 0.02589582292344038 -0.09057764551321443 0.04887864716718771 0.019193840825989343 0.9945039791065365
35.0 0.09443464085708826 0.025749352756496827 0.017220268126360152 -0.08960104118359659 0.054464983337908474 0.025038977103100768 0.9941721524134777
36.0 0.09041871592177919 0.014701224697065684 -0.008236395965272118 -0.09520782326395186 0.06137677052173117 0.023550141118598017 0.9932843265062411
37.0 0.09996774841924257 0.016292927102458925 0.003867920501197244 -0.0951909174132702 0.06695528675033562 0.025691973628192075 0.992872399308838
38.0 0.09579867901147271 0.023309508185071073 -0.011267880776981466 -0.09151546242133299 0.07474481994858095 0.0315264025126069 0.9924939385070706
39.0 0.08787471117019142 0.0088152920520463 -0.013990321175276335 -0.09330805955553162 0.08418316515205886 0.03044487689359101 0.9916047146912406
40.0 0.09470539027195995 0.022159946770337353 0.0002169228169400837 -0.08678327022775595 0.09109216520074448 0.0274694517112251 0.9916734899503471
41.0 0.10498611534577772 0.00728586037630732 0.0022071353173123 -0.08536383476718934 0.09716175458134177 0.030932772441887933 0.9911184453684501
42.0 0.09035558783846291 0.00991910676397075 -0.003897556792097582 -0.07814235696778579 0.10760741760849607 0.03165928542219683 0.9906119852746108
43.0 0.10584755570142912 0.00492752646062179 0.003923347082863744 -0.07096037403438803 0.11478305039429447 0.0339304695816715 0.9902717808223396
44.0 0.11149921655619006 -0.003050833884201188 0.008271661436054087 -0.06460039426318925 0.1227174458949399 0.03287940937129858 0.9897909688279932
45.0 0.11751804603201886 -0.01438451727755147 0.015579117733586584 -0.05745051692641201 0.13243690691449206 0.03568572952032752 0.9888814046691403
46.0 0.11581035759634438 -0.020010644417439806 0.008548513151343265 -0.048448717530746616 0.13985182759843667 0.03567482034226788 0.9883428025136572
47.0 0.12282527398780255 -0.03936899217103293 0.006961615934499514 -0.031070044059507574 0.15397632639655157 0.035066816494620325 0.9869631511117806
48.0 0.1137831494821193 -0.02840557167982782 0.012946855128636086 -0.01849672891469335 0.16321506046989584 0.027309318233366242 0.9860390033831792
49.0 0.12581678288993867 -0.05379317073242097 0.01012498279657297 -0.010695727234516167 0.16491032687918605 0.034018679475478986 0.985663692622524
50.0 0.11738017938412526 -0.044865058743362364 0.006289113826691338 0.0011023255890553689 0.16948243081057954 0.02965831812213858 0.9850862270334505
51.0 0.11567949205143517 -0.05290042961352822 0.002326198958187837 0.006392222402142193 0.17148060568369128 0.02579280961572485 0.9848290574202423
52.0 0.11398409738821626 -0.057201810384721795 -0.0026502127389147053 0.0161868321323104 0.17219718308167434 0.02617594254109346 0.9845816048638844
53.0 0.10808252815304095 -0.061636245494422925 -0.005919255729596492 0.02173371865581596 0.1730166942954874 0.022623638395490184 0.9844191383522578
54.0 0.11327154952664507 -0.05758620705691813 -0.01183728168930776 0.032196096312449976 0.17121693778941513 0.02248660786400961 0.9844503664802128
55.0 0.10064842445081694 -0.05891176837500692 -0.01204837843149454 0.04122152286778804 0.17259916765653183 0.02158373272280994 0.9838925021863328
56.0 0.10639780205950577 -0.06532502318784518 -0.022060542155189575 0.04981681069363962 0.16893697319660142 0.022961582033797615 0.9840992583118787
57.0 0.10263917653213599 -0.06646170021012565 -0.023584381940475522 0.057482473224325085 0.1673005186465967 0.02094024280624298 0.9840059999633183
58.0 0.10115466861254349 -0.04864934837605992 -0.038437966964415905 0.06756935929764396 0.16409702662438175 0.018020498450305362 0.9839623006867414
59.0 0.09309109843491971 -0.04969436331956197 -0.0437846699394593 0.07436711204240196 0.16170436580195072 0.018099981618154827 0.9838666685036567
60.0 0.08721508205597131 -0.05561452544366853 -0.05124081080253957 0.08538464262592793 0.15451140722683818 0.0151895621486366 0.9841773036613665
61.0 0.08191731931351288 -0.05632343147322674 -0.05396320857920114 0.09177248451939363 0.14998460210811845 0.01457184454219086 0.9843119889355433
62.0 0.07795383340070754 -0.04969174926980341 -0.058502713393244005 0.09933283289249147 0.14499071726494575 0.012883098828184511 0.9843498900193631
63.0 0.08150794937636416 -0.04576719084452896 -0.06314467662081616 0.10601250790049106 0.13746110803927739 0.011811464855167889 0.984746810730168
64.0 0.07878252271991192 -0.05234998975527978 -0.07008704850541495 0.10918303984483782 0.13160057850001827 0.010484683382448508 0.9852159270754156
65.0 0.07620118106470802 -0.052293070828315656 -0.07412989738716093 0.1142472391823346 0.12551020468100613 0.008987221012631335 0.9854511589716746
66.0 0.06790607167466967 -0.05689597494714182 -0.07436062487233865 0.11730098018033903 0.12109014957398298 0.006913803369800876 0.9856621404151861
67.0 0.07169707181582485 -0.07065637431805123 -0.07619330284965906 0.11843817416905927 0.11456427423472498 0.005845248224309309 0.9863129620165024
68.0 0.07043325842234108 -0.049794362539813695 -0.07513146847612565 0.1284078779902591 0.10830762164317478 0.0028616023715742835 0.985785314962596
69.0 0.06231518280744725 -0.05870230878678825 -0.08184594238570045 0.12999266146963892 0.10338177018800003 0.0011579229594582986 0.9861099212416714
70.0 0.05513007219721595 -0.059418256917082225 -0.08157726449867145 0.13285270110031774 0.09781296003357585 -9.943604174786023e-05 0.9862975082460127
71.0 0.060350417395085995 -0.04841370705076475 -0.07825672047447575 0.13859177067416154 0.0907318972764531 -0.0016874316063280163 0.9861831455123281
72.0 0.041813903189323355 -0.05946853488945606 -0.07956162506653036 0.142617422714001 0.07959670181786305 -0.005224667931730555 0.9865583300764011
73.0 0.04189599904199727 -0.03418009153353253 -0.08731654954283491 0.14953213787220884 0.07163679277390585 -0.007272314097444753 0.9861315445274547
74.0 0.045970644446990484 -0.032077310247517074 -0.0911886968231222 0.1508172149570279 0.06342593989479016 -0.01026261996589943 0.9864714879065202
75.0 0.046177738165337316 -0.0348724556701282 -0.09851870561567512 0.14999178890338555 0.05552833330268253 -0.012021983957599238 0.9870534632753748
76.0 0.028919000874599973 -0.03480786822537929 -0.09497280887356085 0.1489870444423272 0.05088126819013736 -0.01412310620658559 0.987428222711292
77.0 0.036266084315408474 -0.03532739613554126 -0.0968475504937947 0.14784543317384816 0.04141942003701747 -0.0182007888365909 0.987975146863098
78.0 0.03747476256708078 -0.03500774913723185 -0.09282738071737476 0.14775055346998128 0.0334676854148911 -0.01988051719374394 0.98825829266361
79.0 0.029771468751563196 -0.032412826037493715 -0.09035199190453641 0.14690781651589102 0.026331252360849093 -0.02246851290779842 0.9885443462603763
80.0 0.03361076586380527 -0.03620851993877947 -0.0976364830496624 0.14513789086816523 0.017252981460300337 -0.024458918317941142 0.988958587899305
81.0 0.03337553813849274 -0.03178000833047643 -0.09974539527141868 0.14365224249606498 0.007812441579130784 -0.0278168904329841 0.9892063584455286
82.0 0.030494212388148454 -0.02595537504581329 -0.09636218736550033 0.14225729616515054 -0.00011378947508394316 -0.029933907242294513 0.9893769806989374
83.0 0.019687836293065263 -0.024069908719433562 -0.08793984653430802 0.14119664227371254 -0.007084141982453774 -0.030132753194157896 0.9894975191115648
84.0 0.016771309171514804 -0.023539302650144395 -0.09523003834850635 0.1385092114674923 -0.015914909699461497 -0.033032896823631704 0.9896821417583277
85.0 0.015343982395133472 -0.01866404920949212 -0.09603980146126015 0.1356827599298523 -0.0251502654312957 -0.0353783990146243 0.9898010010551188
86.0 0.007423662378736939 -0.0176474395836111 -0.08464154011325796 0.13204150096061684 -0.03276592171985931 -0.03718080162674875 0.9900045577613812
87.0 0.006766144593585525 -0.01805215379612432 -0.08097222071665278 0.12819085946976397 -0.041547822452029114 -0.03920758834612899 0.9901028466851202
88.0 -0.022773617098010325 -0.015554274934497792 -0.05978468864513518 0.12546504632045152 -0.044727621237348116 -0.04018425773879333 0.9902742991112298
89.0 -0.015526593082584944 -0.0159934019646832 -0.06139437120133801 0.12195511395048844 -0.05507868147632781 -0.041949391597396087 0.9901179412437495
90.0 -0.029280999918660643 -0.01853750459688085 -0.063310193765904 0.1178146175604941 -0.06250607154244642 -0.04512685020944848 0.9900385216240726
91.0 -0.033279798928674297 0.002750777474298916 -0.05103967462520093 0.11757952256373513 -0.07145793222865383 -0.04412473133660966 0.9895058503514577
92.0 -0.04633889902488246 0.008503510893027621 -0.0407556523406142 0.11328518119635674 -0.07848534636170318 -0.04625953905407614 0.9893768610465359
93.0 -0.04377365594342456 0.010746641929962539 -0.04756748499150231 0.1078559474589395 -0.08866865729540538 -0.04843937426940491 0.9890190042823005
94.0 -0.04375706187926657 0.009718958647702471 -0.050602562239448555 0.10144309332578061 -0.0980418024855244 -0.05114081426462251 0.9886767524819413
95.0 -0.0438208427444745 0.010825917154709043 -0.048832558841269066 0.09532505703437386 -0.10767013409789736 -0.05291388816337638 0.9881904655298834
96.0 -0.04381090754175088 0.012313659544334683 -0.05141006848671492 0.09025501054536372 -0.11630590514465734 -0.055532198986975735 0.9875439961721245
97.0 -0.04706097698039111 0.016295658303618673 -0.04905241391968216 0.08588944873784228 -0.12396007767163378 -0.0578941620128856 0.98686633732435
98.0 -0.058236057572398525 0.026433150001890338 -0.039824149543047076 0.07732397731244585 -0.13813564347403645 -0.06158735319048382 0.9854676780400201
99.0 -0.05763423080009461 0.026033119506460433 -0.04234421004282698 0.07167184417607896 -0.1463656175652779 -0.06461116267667395 0.9845129000702342
100.0 -0.05847900247480677 0.02788882693531277 -0.05114847949502574 0.06733463413484855 -0.15378617061396174 -0.06831164999881653 0.9834375319501787
101.0 -0.06417646129954646 0.032638793237914715 -0.04374076205556488 0.06443447554132961 -0.1616804182509168 -0.07078261852741886 0.9821901351725767
102.0 -0.07340881529164732 0.03501865265030123 -0.04467681985156806 0.06228674504918097 -0.16836920152327736 -0.07284791819247666 0.9810531862160249
103.0 -0.08323679795938765 0.03593171213105722 -0.045155021457568605 0.06112600806646297 -0.1745318772462988 -0.07536729573289204 0.9798581559065844
104.0 -0.09923286133701982 0.04491095720982888 -0.03477326190610512 0.06181140031418059 -0.1803944222681597 -0.07846772195921906 0.9785090800888194
105.0 -0.09985802158143443 0.04640546781464003 -0.037622015174362256 0.06147284577014734 -0.18987004829199539 -0.0801970326549657 0.9765955610936665
106.0 -0.09417831391319323 0.04254737623673265 -0.04917870174448639 0.05998204174430413 -0.20073973891322006 -0.08161655978874814 0.9743944011833641
107.0 -0.09636684174627211 0.044807886517848845 -0.05319324203389142 0.059762680539736254 -0.20952852979618405 -0.08382302485248752 0.9723682006939215
108.0 -0.08980607584628968 0.0474848627602227 -0.051534094294538216 0.06024884052284272 -0.22119692112305164 -0.08523662172066107 0.9696271023537782
109.0 -0.10289610355482319 0.05466120035258345 -0.028959687722447894 0.06257645948843475 -0.22812682761675782 -0.08326617112600022 0.9680439463089586
110.0 -0.10356826815299566 0.049229507710960074 -0.05870518147024826 0.06210615715337866 -0.2359923267600647 -0.08717937611769624 0.9658417071827763
111.0 -0.10347942778123347 0.05171446920417421 -0.062079997560549285 0.0619200397270462 -0.24512569853416624 -0.08925754959774096 0.9633858990239296
112.0 -0.1041443788851366 0.056253102510493175 -0.058661907537854906 0.06032212007965176 -0.2530792441855523 -0.09223209107967918 0.9611479487397533
113.0 -0.11336226700604564 0.05573658446110535 -0.05750809844939097 0.05713188230207292 -0.25924443880452347 -0.09663860814125466 0.959264952132658
114.0 -0.11240860180301457 0.05761047933676508 -0.05118279938893712 0.056051368946062566 -0.2682872194442193 -0.0992355513102197 0.9565733203881019
115.0 -0.11324235312460583 0.059102534026636906 -0.05165988357873644 0.05485967002373093 -0.27708148084655976 -0.1023544103933682 0.9538028330057481
116.0 -0.11446850575632438 0.058586165507206876 -0.05394656033407658 0.053024818887796886 -0.2840981029270637 -0.10392787011326692 0.951669918779027
117.0 -0.11771040776703437 0.05762675620126895 -0.05938843815135662 0.05010197034129349 -0.29014553752189987 -0.10656163688331881 0.9497104701796203
118.0 -0.12381514736000981 0.06109349725252426 -0.05674643582430929 0.04860278642736832 -0.2955909364903979 -0.1114424744327762 0.9475464855660249
119.0 -0.12282691514851742 0.06108070302088578 -0.05528424726678562 0.04463788827236408 -0.3009135590321281 -0.11710241057541874 0.9453811476640668
120.0 -0.13625843261693446 0.0638452202570826 -0.049942363332134275 0.04303639183535856 -0.30260764674352375 -0.12187832903511016 0.9443104118994715
121.0 -0.13274468462226655 0.05796842196134286 -0.05638816376436115 0.04299123665163169 -0.3079899422617049 -0.12729595464522497 0.9418543884103083
122.0 -0.13244183973825965 0.05048872018841602 -0.06659294531297061 0.042813433736278605 -0.3138264307544912 -0.13393412068202298 0.9390109863940567
123.0 -0.14032198809239657 0.049456391752479165 -0.06685727203024708 0.044823609596629864 -0.31901879995049526 -0.1350302724075807 0.9370083643353507
124.0 -0.14701173613343851 0.056870280246314506 -0.06522169456129945 0.04856227084587574 -0.32526491411544467 -0.13542132325568573 0.9346151650296732
125.0 -0.15123097074249364 0.05852468756679056 -0.06719607418968568 0.05102549829687029 -0.34081541120067466 -0.1389995416818872 0.9283966724541275
126.0 -0.16500351440470312 0.06483279785140422 -0.06664576717630653 0.05337238833833407 -0.34471903634193224 -0.139578914482119 0.9267350758326486
127.0 -0.1584670285127718 0.06274232416998247 -0.06485372505723576 0.054838137511209015 -0.35244603642728756 -0.1414870322057541 0.9234478814738841
128.0 -0.156349478288631 0.05958999986030279 -0.06835767809754874 0.05523609308112478 -0.35992708307195553 -0.14756152307540998 0.9195798311185995
129.0 -0.16621393877771196 0.062187072334611584 -0.06783113729751244 0.056160093187211955 -0.3632790840426799 -0.1479990065177571 0.9181343284618391
130.0 -0.15708789843803608 0.05900178126825305 -0.07476043236890376 0.05623904330913096 -0.3709610764137435 -0.15214541887364655 0.9143723646903339
131.0 -0.16744093305719193 0.06008884717326241 -0.07928020950644545 0.056719470017284106 -0.37550362869963366 -0.15277943899823254 0.912380605654105
132.0 -0.18371030853532494 0.07627915769437257 -0.07649069286971279 0.059407938367618124 -0.3801733443583949 -0.15188205970661942 0.9104233987752828
133.0 -0.1928560368906832 0.07878045228722269 -0.07110745107693574 0.06017862838145237 -0.3890758239609424 -0.15243003735602323 0.9065117867997537
134.0 -0.19334608103498319 0.08102791313972968 -0.07554902458124488 0.060946129161080616 -0.39717192337064317 -0.15408175607817662 0.902662087976564
135.0 -0.19357795819590629 0.08261273990415684 -0.07348171116599121 0.06026122564256395 -0.4040974176643191 -0.15567089595712985 0.8993555658764721
136.0 -0.1961041213157992 0.08611592556453142 -0.06957933714046892 0.05995006774429978 -0.40990556231191033 -0.15614611255378857 0.8966614806589775
137.0 -0.19641285097593836 0.09065071221613608 -0.06725390883808606 0.06079711102347935 -0.4163197009114525 -0.15839782876061828 0.8932478635676211
138.0 -0.19611058456034045 0.08864031219906375 -0.06468723092994004 0.05994738837187302 -0.42179419546769237 -0.16081099554604233 0.8903009553003101
139.0 -0.192953431377346 0.08877174507236629 -0.06515576869058252 0.05861269571428553 -0.4280604469606828 -0.16142310728067882 0.8872831487663764
140.0 -0.19001015894817774 0.09082111137118262 -0.06398022584345121 0.056804741301801236 -0.43511719238363844 -0.16318314488999847 0.8836387901635062
141.0 -0.1836566407281172 0.08576959736472191 -0.06532311465004968 0.05417428087697316 -0.4413838239753965 -0.16585990350697147 0.8801908654564515
142.0 -0.1832247395647104 0.09158145958920465 -0.056883922753042444 0.05264898426210404 -0.4458848927328213 -0.16814333839584242 0.8775776687233503
143.0 -0.1990147066759532 0.09687604411301749 -0.04198423234082185 0.049911286565756594 -0.4482979969367861 -0.16822664026188164 0.87649162398851
144.0 -0.19366375796302396 0.09373842240461706 -0.04047598093322202 0.04805698627836476 -0.45526536607057105 -0.1698148293006557 0.8726894615360375
145.0 -0.1884151263558458 0.09027346010218097 -0.04171643097198981 0.04634307414499219 -0.4591042438645418 -0.17050852409630599 0.8706333648297995
146.0 -0.1879568920701138 0.09623193438451814 -0.03238339085292772 0.04547787400833513 -0.4641047810776524 -0.1699299155773557 0.86813728116492
147.0 -0.18634821490398015 0.0941594575031923 -0.033912069068595826 0.04282233083905439 -0.4698172089099922 -0.17107426011732016 0.8649691530446891
148.0 -0.18440581172592516 0.09985649328923689 -0.02850804733778018 0.04184759975757836 -0.47486419604791497 -0.17002427055078523 0.862464214405427
149.0 -0.1826594166980037 0.09423330252527577 -0.019912684766428025 0.03914871784728301 -0.4807916496633476 -0.1731064372860867 0.8586855820817239
150.0 -0.1783944811344294 0.09264873822829965 -0.01198438342742743 0.03886151995472184 -0.486018121342713 -0.17409330307220647 0.8555511029849227
151.0 -0.1723028160569821 0.0930603396544189 -0.013544932029860873 0.039634156332199695 -0.48993819936099486 -0.1730927248930638 0.853480288611187
152.0 -0.17065878143524088 0.1021099269679519 -0.005839414172973449 0.040498820587733256 -0.4938737195107311 -0.17467379529972177 0.8508452620442974
153.0 -0.16803404408339492 0.1067082604847086 0.0004709047372960956 0.038061086434377056 -0.49637456391557055 -0.17309597779777608 0.8498243515381834
154.0 -0.17014251598918964 0.10597879078680421 0.010159038023745333 0.0352837086666453 -0.49845855119748944 -0.17508203271494485 0.8483162231510312
155.0 -0.15839539803511155 0.10588908612480014 0.020258002159288527 0.034385089410311445 -0.500720001830028 -0.17882189821638267 0.8462386626194004
156.0 -0.16193366179460242 0.10577699448378523 0.024152640703428117 0.0319158232329056 -0.4988016537053863 -0.18552714968980744 0.8460248029556307
157.0 -0.15043816059239867 0.10015464082241701 0.03610811816878845 0.029316995188237306 -0.4979178433188802 -0.1843699096678627 0.8468920069919612
158.0 -0.15152695389064702 0.09916914609853261 0.04043497851128674 0.029735633709349122 -0.49505282653983956 -0.18698572372546138 0.8479828006190246
159.0 -0.15948580494406012 0.10056517370779404 0.04241842906426147 0.028097266225548864 -0.4925639835233351 -0.18769666769984186 0.8493298691913816
160.0 -0.1537301553081851 0.09780515046701818 0.03746896642782923 0.02481282427972397 -0.4925463674917072 -0.1871774301662715 0.849556948802338
161.0 -0.15556491836566805 0.09550659030470571 0.046089500446832334 0.01948862241004651 -0.49798761840615813 -0.18663277712219017 0.8466384895658715
162.0 -0.15318290594784614 0.09465973239164818 0.0509222634994751 0.018169792470369338 -0.4998640504751015 -0.18860251657551352 0.8451241804762137
163.0 -0.16720243815369035 0.09667870708438543 0.048818746256468745 0.014405407688851174 -0.4962312675323907 -0.1899893574710185 0.8470248269090254
164.0 -0.1623672976204214 0.09580305739847358 0.05265699295670214 0.013841653815878817 -0.4997859247445276 -0.19238889221668545 0.8443985742518372
165.0 -0.16226296128711784 0.09843475892144467 0.05369152126677978 0.012937828305662777 -0.5026628543953277 -0.19263709148841773 0.8426467933795025
166.0 -0.16060717943882202 0.10092479973705991 0.06567118159765407 0.010430314923415236 -0.5056624393427026 -0.19443881320754156 0.8404702575862092
167.0 -0.16423620868057312 0.10152145173175554 0.06974847780265901 0.006838379517635526 -0.5045795840694027 -0.19760075863269652 0.8404205019475097
168.0 -0.19700020926117726 0.10170671534788552 0.05326623711698448 0.0016479861796597317 -0.49607739087744085 -0.20095259989712888 0.8447026453115717
169.0 -0.1760776001481041 0.10374530442701133 0.06920988994397777 0.0007916506985568444 -0.5044140898788227 -0.20242897560816298 0.8393975869962459
170.0 -0.1735448796713984 0.10344377132733615 0.06784962889802507 -0.0014959334883312696 -0.5081283363989493 -0.2035288414233277 0.8368867107561887
171.0 -0.175304649195137 0.10718350227010535 0.07191353000700562 -0.004480388153542946 -0.5120537546763209 -0.20423008313759347 0.8343086668526748
172.0 -0.21002857851886358 0.10787302104046553 0.06643049325279567 -0.010438230843433916 -0.5089881609864726 -0.20673866383255118 0.8355125493906116
173.0 -0.17671332311689436 0.104573606185754 0.08267496472655507 -0.010360477134296029 -0.5193057593229222 -0.20565298995754455 0.8294100533325569
174.0 -0.17490943762681024 0.10652701605202441 0.08426346912855237 -0.010534732421869072 -0.5222986777370058 -0.2064286794625787 0.8273332526511376
175.0 -0.1782053889669431 0.10979799724478456 0.08683746232655644 -0.011946070861727222 -0.5246718381387409 -0.20711610482581058 0.8256389481951935
176.0 -0.17511286977387422 0.10899806047750922 0.08872624323190537 -0.01384693414258958 -0.5287111727721726 -0.20811568457765162 0.8227761664228613
177.0 -0.17824062330195337 0.10997070065563001 0.11171071538813224 -0.01512561420936966 -0.534463993453662 -0.21386360660671644 0.8175462147582366
178.0 -0.1878304695773139 0.12033065770871633 0.12939767185443252 -0.016662124320057613 -0.5338419093201812 -0.2105046368222181 0.8187936170628546
179.0 -0.17739257385385349 0.11150003814182582 0.11516561217005619 -0.014854911581827378 -0.5337902028184804 -0.21943076193778424 0.8165154571055621
180.0 -0.17601250590255105 0.1110065696399109 0.1166137492901592 -0.016219331479696168 -0.5342640444019123 -0.22155473131843667 0.8156055205649839
181.0 -0.17282051156559688 0.10392542724818914 0.129145171587591 -0.02017295772425786 -0.5362837806578137 -0.22090446681716772 0.8143672236284073
182.0 -0.17566062825469428 0.09933343199897975 0.13218453285194162 -0.02233373772536506 -0.5368538180721235 -0.21947891298469216 0.814320691703002
183.0 -0.17153978365026865 0.09558192977891322 0.137526590820507 -0.02297904503089827 -0.5384392305740138 -0.21743524446421186 0.813804075274338
184.0 -0.17585629022292787 0.10242109920480758 0.15274229512636006 -0.021867621938153847 -0.5403837883769432 -0.21610860224325854 0.8128986655214894
185.0 -0.17305047934657264 0.09927373388751451 0.15716094246067067 -0.021228164603328457 -0.5406299328194704 -0.2171068098163529 0.8124858607376222
186.0 -0.17363076133190491 0.09437294673605283 0.1609640447404052 -0.019780330628970454 -0.5413506868578162 -0.21897965158483815 0.8115393302548942
187.0 -0.21427413665560766 0.1017530654289646 0.17117748208054867 -0.019879556854991574 -0.5379545862102099 -0.2188904137688532 0.8138161052441462
188.0 -0.21244810387363447 0.0958891255111307 0.15771184653643702 -0.017185790957322408 -0.5356030363264106 -0.21889427626721128 0.815425859219926
189.0 -0.17162095604557823 0.08651719648667475 0.18367955121812177 -0.013697248783410823 -0.5506534618645373 -0.2153510044411274 0.8063604003164859
190.0 -0.16858722714920904 0.08458225319213754 0.1894762445583086 -0.010677824299715512 -0.5554537103025742 -0.21558656021621037 0.8030439557293678
191.0 -0.2177372876709663 0.10479449604557503 0.19265866190214231 -0.007935865152563693 -0.5509141128174123 -0.21755573022129046 0.8056675285691767
192.0 -0.20580479716811023 0.0850420610413741 0.19901346960135408 -0.00768918292178585 -0.5573983658623686 -0.22039324178061356 0.8004216121378711
193.0 -0.2151908757245047 0.10003222202205146 0.21431663225329814 -0.0009108457897589859 -0.5692386527313879 -0.22138697595612405 0.7918044793214448
194.0 -0.184707570208719 0.0744254017167361 0.20453978064138784 -0.001705159372513671 -0.5760812923148029 -0.22322643107206763 0.7863188904937033
195.0 -0.2362197237766322 0.10094148382681682 0.22632899855046673 0.0029436899946739363 -0.5767600362616379 -0.22890336756798277 0.7841826595741113
196.0 -0.2306360249284351 0.09330292930344387 0.23315347289850144 3.791258934763663e-05 -0.5813745028248553 -0.2327539888779796 0.7796340594722484
197.0 -0.2298752679517671 0.08420039418704735 0.2502525618585627 -0.00682361215572669 -0.5873209326716542 -0.23587530348566862 0.774190158532379
198.0 -0.22512847429220587 0.081235428473419 0.2529223004830336 -0.007469095702599448 -0.5929854955837539 -0.23861542963969673 0.7690091620875125
199.0 -0.2034567759568193 0.08581247503300315 0.28447473071225454 0.0017310519117911195 -0.6055798949447405 -0.24683626093371533 0.7565327848720492
200.0 -0.22452247110022705 0.07980629497786891 0.28026339077247203 -0.002802891440546261 -0.603921146862798 -0.2510257621399018 0.7564770048808998
201.0 -0.22880919169050537 0.08340795781766977 0.2917175815795958 -0.002748960626927403 -0.6058035208568241 -0.25614136942626425 0.7532503808172851
202.0 -0.22589908988649202 0.07792207509332609 0.3036182599132915 -0.006782929186810635 -0.6096486331485682 -0.26260494082721636 0.7478777848183911
203.0 -0.22288905862393246 0.08607396507732225 0.3324293297960768 -0.007586371255621378 -0.6153446603382119 -0.26574624051239376 0.742072996151963
204.0 -0.23651417067271435 0.08460433883117335 0.3479251734631351 -0.013338588005212865 -0.6147249560623174 -0.27180810664303945 0.7403078168082079
205.0 -0.24157624292477353 0.08291446086819326 0.36035076375291814 -0.01649686925270306 -0.6158698635581016 -0.2739011731828992 0.7385189989396455
206.0 -0.25274321330885147 0.07741504856238089 0.3638027927264628 -0.01970531671217219 -0.6159191702802018 -0.2767124740159237 0.7373503121980809
207.0 -0.25331858125873863 0.07910551967915226 0.3880830679166747 -0.02094725897207725 -0.6196888062000743 -0.28289970279745064 0.731788735885568
208.0 -0.23899663709091734 0.07240614019632235 0.3904907127981055 -0.02313883125912532 -0.6223204850961597 -0.2825909908903212 0.7296054688564695
209.0 -0.22073450935467928 0.05970974274772346 0.3966243222952646 -0.024987758946454434 -0.6279524220808143 -0.28407654645764596 0.7241214561510863
210.0 -0.20589896957331502 0.07034187724472094 0.4230538357522134 -0.021505842023155804 -0.6376416883893328 -0.2821445031547274 0.7164810223072543
211.0 -0.2140279604232993 0.06420508087620927 0.4196562352983219 -0.025021356758090602 -0.6372884805704782 -0.2875404299943745 0.7145332919863189
212.0 -0.21849933512282643 0.0511415057062354 0.45207593420637576 -0.027279845643038238 -0.6460347712754438 -0.2856808061029458 0.7073057057235917
213.0 -0.2201873101960939 0.06539771215207381 0.45183368567111576 -0.01891079118526365 -0.6480703031082289 -0.2911646529328048 0.7034702616944621
214.0 -0.2054454219248333 0.05310301640037697 0.45895714556680745 -0.018285001640957362 -0.6535622973729978 -0.2910048958157132 0.6984541021275523
215.0 -0.18949074831385815 0.04566333084915364 0.4583779183613171 -0.0173817964301341 -0.6564904940367386 -0.2897831067627924 0.6962354884858744
216.0 -0.17648668611095517 0.04189620673455761 0.4908396803569014 -0.014251464676863678 -0.6660898597835214 -0.2889730244934932 0.6874705706888228
217.0 -0.1696942307546441 0.023186653138059607 0.499157172161554 -0.015287208161242509 -0.6701344726249493 -0.2922691488436799 0.6821032432854331
218.0 -0.1583242168803353 0.023535950131185243 0.5151766624752419 -0.00992825731130312 -0.6754874139917415 -0.2915332141337335 0.677219734135358
219.0 -0.12279396685923459 0.01854856117893453 0.5500847126908233 0.0019781755428830566 0.6833275670793815 0.287734527969885 -0.6710203903793404
220.0 -0.1068211246102252 0.009062623095900234 0.5662103876425136 0.00014275328522921722 0.6849762947382563 0.2888866299197923 -0.6688437562852285
221.0 -0.07562390116082714 -0.003157394750093775 0.5869577746606285 -0.0008550709764014819 0.6886778494559576 0.2869709498347829 -0.6658601673574306
222.0 -0.07092620014011793 -0.014714433163204102 0.5792729662713619 0.002625487161838758 0.6881008086684518 0.2845136646451768 -0.6675045756825624
223.0 -0.062391431480618334 -0.010801015557511019 0.60073306403712 0.0010471829049157105 0.693971009613373 0.2803018169138256 -0.6631998436813503
224.0 -0.0584943879276326 -0.006200286841575431 0.6318208670062354 0.0014629386378941253 0.7003972984866623 0.2765313310976582 -0.6580060083346385
225.0 -0.07640215080410573 0.008767777622305382 0.6486059702112216 -0.006837608458905365 0.6973556522015112 0.2869150134012674 -0.6567557510506613
226.0 -0.04750043040677952 -0.011294748518724251 0.6919392820180189 -0.004033548284149462 0.6981532000120358 0.27987593217208373 -0.6589653271546242
227.0 -0.015996269946511984 -0.03169439455879748 0.6747115720633741 -0.0030769580011099787 0.6902708856374694 0.28160425122170435 -0.6664950730985085
228.0 -0.012317873130486209 -0.031089522044866588 0.6947290823130782 -0.0038976468190720535 0.6895938670671887 0.28018401350917466 -0.6677889078342681
229.0 0.009136133498161256 -0.04405611838245129 0.716716842760057 -0.0037632258964402435 0.69030773733519 0.2791729926833235 -0.667475472255168
230.0 0.0103872600660659 -0.04342123240907597 0.7500266483451948 -0.003497634166985709 0.6899754101436406 0.2753579210221703 -0.669402506181966
231.0 0.029588127611073024 -0.0532450426296145 0.7574300177863884 -0.002958348474652452 0.6840482263121768 0.277369994352412 -0.6746370568582861
232.0 0.020430840991217187 -0.04781875732272999 0.7786262249974727 -0.002780780191766486 0.6816332314999132 0.27761617274028316 -0.6769768575140128
233.0 0.037587368407200165 -0.06993967866248571 0.7810006664152936 -0.0009808097356220592 -0.6770568500762288 -0.2755077632913529 0.68241375436264
234.0 0.041933605966099734 -0.06831443042224498 0.8220125384092536 0.0007940831730114276 -0.6795290740261589 -0.2663569643160921 0.6835887466491688
235.0 0.03327309580401698 -0.08007480627888725 0.8565444586518459 0.007518228033044431 -0.6714008706262774 -0.2693904416079425 0.6903572532680435
236.0 0.04204016956951812 -0.08326522025924557 0.8619545660559965 0.009187448253990147 -0.6675776262731732 -0.26206633837576987 0.6968335080809277
237.0 0.05198082548505748 -0.09865885311652965 0.9188646047988881 0.012850041939146427 -0.677482515404759 -0.26098680594109125 0.6875596009566515
238.0 0.029807094220171814 -0.08277357573253298 0.9296265807001975 0.023114577327985917 -0.6712083628499871 -0.26521818242769474 0.6918123775019777
239.0 0.05318631560629807 -0.08900185222041415 0.9702727493520562 0.026062592393905553 -0.6759590453812047 -0.26482622579689696 0.687216982018933
240.0 0.05885000481384904 -0.10052296358599837 0.9916141687303937 0.028950887267838787 -0.6746447949660094 -0.2700008661893487 0.6863787431212285
241.0 0.04206678398965672 -0.11103022568441676 0.9793338215582155 0.029713770740442826 -0.6642560889618814 -0.2768504419408007 0.6937108712587924
242.0 0.06066423302377883 -0.09103287981163621 1.019820847038964 0.04303022648168125 -0.6694752680316259 -0.26995687780063166 0.6907058340792068
243.0 0.07124503853346284 -0.11995821373733198 1.0089695190183416 0.03857416217304333 -0.663737173821779 -0.27156263118030266 0.695858272528362
244.0 0.06795942742680745 -0.10949511138908029 1.0447576216237797 0.0398943865620584 -0.6669006396034388 -0.26943077561478024 0.6935841924157292
245.0 0.057710670361974636 -0.12372469985865532 1.0564812351974708 0.03767119542588438 -0.6666651815554255 -0.2743497389835094 0.6920047958334801
246.0 0.07506658505815379 -0.13585587577550032 1.1133156184208146 0.04151279120302366 -0.676314141706185 -0.27319657788533225 0.6828173252975528
247.0 0.0853885619939135 -0.14296723878265002 1.1438881150310793 0.04126683080561503 -0.6787545284587329 -0.27665813701537795 0.679006343118534
248.0 0.07438962745115738 -0.13071279911372663 1.1558769598974261 0.04079761645890073 -0.6736703397149582 -0.28168811154382506 0.6820231929300342
249.0 0.045570980071872776 -0.1282840351260909 1.1882901019426686 0.03714399835955971 -0.6749815854069195 -0.2849880051504193 0.6795601663339392
250.0 0.03974867553954386 -0.15220156407560348 1.2107931054130554 0.029390538929105772 -0.6740531833152794 -0.28943984812385953 0.6789794375399244
251.0 0.04591779193904947 -0.1524454178503276 1.2360284556070764 0.03135320296113801 -0.6762351201274501 -0.28738398414367694 0.6775938935881858
252.0 0.04418336837892148 -0.16871426650430082 1.2451014113368526 0.02622357178605507 -0.6741009401096307 -0.2866436270092303 0.6802467772221246
253.0 0.024900288754958307 -0.15619298933100564 1.275297965805004 0.03183059429678186 -0.6753976508623764 -0.28448484113530514 0.6796272519848785
254.0 0.055467703400451616 -0.18077066169763154 1.2856994708464464 -0.032858928828074924 0.6793543483461586 0.28166828581648073 -0.6768019924207103
255.0 0.032889666053016436 -0.1669144207795858 1.3315695697309615 -0.03803576258338903 0.6793969295516064 0.27848980549576996 -0.6778027154825201
256.0 0.0308829660035476 -0.16912054865155773 1.3528132309307714 -0.039880952600751786 0.680872340806581 0.2792227924271153 -0.6759119745450791
257.0 0.04603282649164655 -0.18820286490546986 1.3683373955931426 -0.036882570278118774 0.6857851894439538 0.27694307253456063 -0.6720423234619357
258.0 0.018958669873704457 -0.16901325647245435 1.3910192611052514 -0.04225354236146981 0.6834785919078163 0.2762091825920408 -0.6743738874047934
259.0 0.05034845904759201 -0.19358754292918298 1.4130174166005791 -0.04261649242116273 0.6883682670080183 0.2751490474036578 -0.6697954652451406
260.0 0.031072351491930876 -0.15983057252119043 1.4324442209618475 -0.04968615839263122 0.6854540489831917 0.27389046475279094 -0.6728060981547588
261.0 0.05821549650433683 -0.19983891301162401 1.4488630258948703 -0.04439975310399377 0.688783283738706 0.2810632901563509 -0.6667905794872304
262.0 0.05112842769342569 -0.20008794659188633 1.4588019841737943 -0.044511857143224115 0.6906422784204344 0.2828346729978192 -0.6641057789103397
263.0 0.05200194452521422 -0.2051385613986528 1.474631476996833 -0.04613349358851702 0.697740734120261 0.28164071383667344 -0.65704495814838
264.0 0.047847990972746904 -0.19430943718341168 1.503169981169287 -0.04995221486079681 0.7084910890322087 0.27962248230459874 -0.6460312843680796
265.0 0.05059436153921823 -0.18875895439118362 1.535325364242538 -0.04277815859376081 0.7166665401400971 0.2761391098787411 -0.6389884908089708
266.0 0.04660255322224627 -0.19304828386627648 1.5540737895442704 -0.03743814281884573 0.7175448007397045 0.28952940614725436 -0.6323769187515557
267.0 0.056299554467376445 -0.22251331937999885 1.5481756012707473 -0.03717624678316423 0.7127546896381721 0.30560333494146347 -0.6302422397352988
268.0 0.04746701049803758 -0.2374846023520231 1.5622103892617956 -0.039426471836787005 0.711859360436622 0.30749869591389717 -0.6301954905333098
269.0 0.05481600871282091 -0.23893587132078253 1.571639267110407 -0.043204686108761284 0.7107946201605543 0.3030494122772759 -0.6332972578240446
270.0 0.06795269707288835 -0.25044913765121607 1.5815880612011624 -0.04444115824491965 0.712158376860643 0.30125909063056233 -0.632533311402262
271.0 0.0650766351586449 -0.24620809597600707 1.599994537984723 -0.048745192143475245 0.7149707597813166 0.30124453679960034 -0.6290408952914084
272.0 0.06155973245603681 -0.2325947437974564 1.609735445229049 -0.050961348369126226 0.7144045407371022 0.2990527071044104 -0.6305525921920665
273.0 0.05525038942519579 -0.25541540938897855 1.604470235432643 -0.04769241090154908 0.7132605995646333 0.3077936039070504 -0.6278915897231045
274.0 0.05049909427449637 -0.2604076092264066 1.6199158392561888 -0.04813314769036978 0.717436556399188 0.3070871608713969 -0.6234303996946544
275.0 0.04961071988187853 -0.26541881950784135 1.6267005677313282 -0.05050631530291691 0.7192470850658341 0.3080240968305527 -0.6206882458292128
276.0 0.04660694807406058 -0.2687892018146009 1.6473501856453343 -0.05343775224732134 0.7236565828935396 0.307051311436997 -0.6157800328156312
277.0 0.04761221248869719 -0.28400227308611087 1.6634713689596126 -0.05504653396805613 0.7263408625196556 0.3084029348843726 -0.6117895555556763
278.0 0.03487003384709249 -0.2683382820454107 1.667881653137924 -0.05772969528680464 0.7270341055469597 0.30499681994060446 -0.6124260212301101
279.0 0.028915273980076192 -0.27970588813676095 1.6779644880874134 -0.05773877056418543 0.7307286927392626 0.30661328604463467 -0.6071985711463884
280.0 0.026386722754165474 -0.2678702789766293 1.6947716589514683 -0.06360396423819205 0.7336287486913086 0.3024615299942133 -0.6051945288090195
281.0 0.017912531435993403 -0.2893385745339754 1.745156724888118 -0.06268331939747206 0.7403377940745186 0.30075147181181316 -0.5979291800349087
282.0 -0.0011974188313355985 -0.2735596854014706 1.7491686993519948 -0.06768013605325106 0.7399359357357609 0.3026058903586292 -0.5969454625934589
283.0 -0.010645638267832816 -0.2646652032112257 1.7687201753085673 -0.07044047716810534 0.7421487433682755 0.30331873068460063 -0.5935074805839451
284.0 -0.0206682986311893 -0.27062680744831985 1.7830446368976374 -0.07042921871879079 0.7402561171646772 0.3051916332913476 -0.5949106429707708
286.0 -0.03719993536254541 -0.2638978195136434 1.8254261988910745 -0.07196801988846016 0.7376641325250978 0.303844478007448 -0.5986240597267293
287.0 -0.044295238196278876 -0.26554655957464113 1.836167595590579 -0.06358249707407 0.7392152074725663 0.30899066322222474 -0.5950150528756449
288.0 -0.054760538254151114 -0.28158632141422574 1.839822287992128 -0.05732046457139982 0.7420100412469575 0.31483188006059326 -0.5890809369921249
289.0 -0.07412269332089602 -0.26579187871722587 1.8517420629770969 -0.06541834084971154 0.7429607578999347 0.31743718650070724 -0.5856307586933431
290.0 -0.08182738657454473 -0.26219414421341747 1.871154225276408 -0.06953374866068493 0.7437875278284131 0.31921907084829004 -0.583133223243921
292.0 -0.09588061252026776 -0.28896028192032747 1.8970372218842901 -0.06349717438868621 0.750271080268792 0.3301099232214078 -0.569288023365773
293.0 -0.11486150102524087 -0.27567260639678604 1.896179434602522 -0.06547388348021031 0.7506057784809247 0.335692402618877 -0.5653448033873052
294.0 -0.12171862358806207 -0.2643217271582285 1.9122899450007305 -0.06640828018123618 0.7533998888786261 0.33071407986446455 -0.5644526066380106
295.0 -0.13410825671436546 -0.30041523501004275 1.90784461751681 -0.06755431626679764 0.7540308957899848 0.34106057033281884 -0.5572714867209078
296.0 -0.14517643219389087 -0.30691511917551845 1.919693750302121 -0.06731949439196434 0.7591474885455151 0.3337325333630575 -0.5547844378539498
297.0 -0.15524277122495547 -0.30315261327943216 1.920985487532131 -0.07188800906666858 0.7658558263379582 0.3259192452131933 -0.5496122387795747
298.0 -0.15702597756562245 -0.3161003758688326 1.9329329128956834 -0.07560762839278631 0.7741037756995556 0.3194628743868804 -0.5412857866829526
299.0 -0.16793539659077736 -0.32044250284148845 1.9533393482971635 -0.07901807658147994 0.7829868558940345 0.3127024620988632 -0.5318880495629198
300.0 -0.18488425667829134 -0.3248492948476887 1.9540558436398545 -0.08279065077693407 0.7876981434317241 0.3120990437061314 -0.5246632538074923
301.0 -0.17585679014455136 -0.33547304771287595 1.969703720091645 -0.08499330767314388 0.7949189710455709 0.3073053896653743 -0.5161815229211925
302.0 -0.18246121702014736 -0.3444247069559296 1.9770969056055305 -0.08781104158842797 0.8015477834686896 0.3065906917514556 -0.5057791212801789
303.0 -0.1857516540235563 -0.38454759050897835 2.0263909921526153 -0.08541789618953732 0.816607473361726 0.3034989545038423 -0.4834712008748876
304.0 -0.19157661881798885 -0.356639144392398 2.0005599821367985 -0.0933311950318762 0.8167095866222807 0.3022101212187834 -0.4826424989431761
305.0 -0.18230712084702022 -0.344651111165255 2.000875993864041 -0.10296201462372363 0.8199284268074694 0.3000182941100742 -0.47655558086852107
306.0 -0.18416536451578122 -0.3723233881205978 2.018349202163864 -0.10094025947223502 0.8274031589639256 0.3020148559225087 -0.46260361364379854
307.0 -0.23978485365679683 -0.31926075403528864 2.0303824095219674 -0.09969166843351722 0.834419792999774 0.3004477725955951 -0.45114999305940545
308.0 -0.19331297088051974 -0.3737527273705106 2.028689237168007 -0.09414914521636385 0.8353857281998648 0.3080950156829999 -0.4453583780353769
309.0 -0.21182290978049068 -0.3943136474227335 2.032911402404481 -0.09075022981051141 0.8411049430044586 0.3122558324551598 -0.4322073180090095
310.0 -0.21456457726484326 -0.4066006220811024 2.0416489607935464 -0.0936409089928081 0.8470411653267799 0.3103360343989792 -0.4212412493552441
311.0 -0.21844373512359425 -0.4016504232299768 2.057693741456765 -0.09880208951580931 0.8533316232020743 0.3043844660877331 -0.41159857234338
312.0 -0.23386467626701907 -0.3958916608865397 2.067793526399428 -0.0974670659212529 0.8602441004749583 0.30536224031388476 -0.3965276293642315
313.0 -0.2431162833047046 -0.3961169471086474 2.0640531945088574 -0.09863169716823453 0.8628532845347908 0.30793835037815664 -0.3884970656872669
314.0 -0.24145647006933238 -0.4294421282121081 2.0806831833954713 -0.09080524300877266 0.8681360661018855 0.3058374110429231 -0.3802073862799386
315.0 -0.2411977032827509 -0.43963965248718057 2.081123470205536 -0.08956555533393579 0.8723971055273877 0.3023290053934376 -0.37349494516388615
316.0 -0.25529023842883636 -0.4327182023964994 2.089322501670487 -0.09031114169329363 0.8774639539332646 0.2958711978586839 -0.3665530541565891
317.0 -0.2585881634649282 -0.46227277809687833 2.097151927790623 -0.09044885949507213 0.8798120926103249 0.29800836561999017 -0.3590831373556603
318.0 -0.2738104707081179 -0.4525391477321351 2.0991282734926875 -0.0916542581618265 0.882589559180264 0.29605925799422883 -0.35353087947546974
319.0 -0.26675853099979846 -0.44658562952160347 2.085175441410158 -0.09256752192502085 0.8834331184216779 0.2956580748246509 -0.3515159768081549
320.0 -0.2803611536778023 -0.46643451868881525 2.102185479599014 -0.09040383811862285 0.8877426101897107 0.29601571012072303 -0.34075636966710604
321.0 -0.30211338190076154 -0.46722006379285547 2.117205716772697 -0.08850958869955163 0.8920987628316565 0.29152739336928135 -0.3336729371372157
322.0 -0.3078829089191924 -0.4629425080270867 2.1133515657179225 -0.09220696747474713 0.8924704928794003 0.29330858125559317 -0.33009751688030353
323.0 -0.32143866136973775 -0.4805165209544489 2.1232787850984756 -0.09244397814049092 0.8937790015645708 0.2961282651260818 -0.32391551037456706
324.0 -0.3460320909603353 -0.4583016518166677 2.1336009806469725 -0.09412292521710779 0.8957598455880419 0.294012560837402 -0.3198621391326194
325.0 -0.31764308662508534 -0.4510559838029566 2.109740148837547 -0.10338183607683632 0.8913011176839054 0.3004654684410917 -0.3234424459765269
326.0 -0.3631039547990472 -0.4867387864920037 2.134368658420445 -0.0970534118107287 0.8944779234990888 0.30155467552477644 -0.3155228316585061
327.0 -0.3749362228047542 -0.48232337985518897 2.136842762031659 -0.10123705376010679 0.8949954738709247 0.30068400210453294 -0.3135654502252017
328.0 -0.3845870884308005 -0.4669072834942668 2.1454964944206565 -0.10088424554658901 0.8959772088910614 0.2985359484193378 -0.312927304097366
329.0 -0.3828908420117025 -0.4666768123412656 2.123604526942238 -0.10117628060096365 0.8941462656207816 0.3062251197598808 -0.3106316016573529
330.0 -0.44304818257700423 -0.4579887027209024 2.1335671425152642 -0.09674865125252506 0.8993412432101227 0.30967183332372483 -0.2931354335252078
331.0 -0.4265416310862594 -0.4678993587310663 2.1408208630298886 -0.09934813816094874 0.9001154017001103 0.31203453605719467 -0.28732674670794806
332.0 -0.45118185717413084 -0.47075340928393067 2.149489419483325 -0.09925471648793484 0.901508360362064 0.3169807382047666 -0.2774065411257708
333.0 -0.43550767612346836 -0.46447835497286594 2.1402126878544303 -0.10128814463153028 0.9002924419344883 0.32374928164778455 -0.27276479498879913
334.0 -0.46147998839209753 -0.4628278312509397 2.1432033355579967 -0.09475836240935327 0.9038326667319304 0.32730860469030304 -0.258798069153214
335.0 -0.46739336426030986 -0.4745639313379509 2.145154390911236 -0.08710325950810281 0.906285140027457 0.3306637762089244 -0.2484385925168052
336.0 -0.5134115303555903 -0.465678119303594 2.1577219737827575 -0.08129271484067509 0.910284251265052 0.3310547422328273 -0.2348974969168732
337.0 -0.5284685124622901 -0.455801734030292 2.158020775191366 -0.0784971336377928 0.9110896327382305 0.33219557039568726 -0.2310843658429767
338.0 -0.5518394490796803 -0.4421456628644078 2.17506007915413 -0.07434253981337761 0.9137711429103139 0.3298193273079692 -0.22519923732684766
339.0 -0.5686907584421296 -0.44490038915384983 2.1716210936321154 -0.06636321059270021 0.9145045724419358 0.33345340335886914 -0.2192855194740597
340.0 -0.5883724939361493 -0.4548128740127265 2.1874451395995442 -0.05886678764749707 0.9156624012933798 0.3355386609262222 -0.21333278040081827
341.0 -0.6089323755457207 -0.4628411344997677 2.1946010614341747 -0.053380681921541974 0.9152759947879613 0.3400365839745385 -0.2092736909442412
342.0 -0.6291959008960906 -0.4480468129553662 2.207159638878811 -0.052427775081788516 0.9177550831424757 0.33627229442915074 -0.20468971582733586
343.0 -0.6337211457325559 -0.46250122257228926 2.204940892719264 -0.052680958184944636 0.9172355429568568 0.33880893789999983 -0.20276138434235996
344.0 -0.6565493596017841 -0.44472042569703096 2.2264064740701213 -0.04970502280502455 0.9210549338361559 0.33297411933946947 -0.19574334066356133
345.0 -0.674764967041721 -0.4380186370788516 2.235052122853943 -0.04272808121856072 0.9230821970221988 0.33259872053658135 -0.1883392144867329
346.0 -0.6910185294079798 -0.4548344013965013 2.2461505323686803 -0.04602046947120342 0.9223540792558721 0.339778132043214 -0.17803339533617477
347.0 -0.710416820107159 -0.4700088015605897 2.2641157349869987 -0.04291388392130198 0.923131846371266 0.3426079178773205 -0.16913251428904363
348.0 -0.724422759303313 -0.46589658079868834 2.2689822636107846 -0.04378553610836306 0.9230777422078056 0.34640279646889616 -0.16129293619613927
349.0 -0.7433573380398674 -0.4763180745861151 2.2897076524877242 -0.045068127527047454 0.9235062679907734 0.3512048593600594 -0.14751333371882266
350.0 -0.7637338742875325 -0.47706566043410664 2.3025993170829753 -0.03925924651502269 0.9232422479854601 0.3567804491622964 -0.1370772562950434
351.0 -0.8045954198627776 -0.4735343012842681 2.323558449534453 -0.028864397660481666 0.9261838448773035 0.356218539572756 -0.12024426847316012
352.0 -0.8205169335207364 -0.48235458589283525 2.332413713495424 -0.02518214325853566 0.9268162916840248 0.3581798449476652 -0.10993006778514122
353.0 -0.8270139646660415 -0.49038372025119187 2.3393788470392427 -0.02634961789924419 0.9261780571024192 0.36189232899997065 -0.10263452825208884
354.0 -0.8416247792963284 -0.4853078096571715 2.346973742091188 -0.027596816064303243 0.9267551851840948 0.362306082835059 -0.09538105062444133
355.0 -0.8638679791603048 -0.4843847482180096 2.3640958476928233 -0.026373959430815497 0.927176281514329 0.362594373866389 -0.09040949785086136
356.0 -0.8795307512270998 -0.5015120845194554 2.3761137007584505 -0.024981449879348364 0.9242074400083619 0.37132959330506826 -0.08562048896735334
357.0 -0.908319754012403 -0.5102075985598786 2.379530321441944 -0.01427306989559529 0.9233941536286294 0.3744972637480653 -0.08301395042662837
358.0 -0.9242963746826552 -0.5169983544051168 2.3889233609045704 -0.008223717899820368 0.9238303821480702 0.37425543886477025 -0.0800166355465728
359.0 -0.946867943306973 -0.5357994353845228 2.4040255220798246 -0.003163482538840358 0.9240621873715599 0.3746744259389007 -0.07561838926921124
360.0 -0.9832457654642214 -0.5202025742550045 2.4115962144203933 0.0033270164070347964 0.9248681470533814 0.3729259680854984 -0.0743912888406041
361.0 -0.9957329816951825 -0.5209189845018591 2.414881084461911 0.00024568524057219594 0.9230887255775166 0.3772193362816389 -0.07491806648384908
362.0 -1.0136132117207934 -0.5260039704096022 2.4209698951034233 -0.0013374974113809196 0.9223014469420472 0.3797998830929499 -0.07148636843386384
363.0 -1.0293878257247187 -0.5288118277690833 2.4286944124306737 -0.002546843745379933 0.9223557238661468 0.3802961126061327 -0.06803160276633571
364.0 -1.0557411780926012 -0.5265393726216567 2.4323510495364573 -0.0017672141501089789 0.9225072036579016 0.3811386963483477 -0.06091494315279724
365.0 -1.0696319435127042 -0.5292871045295935 2.438967606947681 -0.004826192770542245 0.9224670145122633 0.3817763074950725 -0.05725527081065188
366.0 -1.0871782045765233 -0.5353721025313807 2.445565738934837 -0.006780216294974203 0.92259116964037 0.38212676949366425 -0.052523274887837354
367.0 -1.1082773664477192 -0.527260801083301 2.442486872463899 -0.011269489914246523 0.9225391973621985 0.38284087615476875 -0.04719418896889919
368.0 -1.1269056415951892 -0.5242476760708652 2.451490907104539 -0.01591847057296626 0.9233877611166953 0.38129917345433734 -0.041383393258087486
369.0 -1.1466669154632472 -0.5124708393820602 2.455908067883338 -0.019815757302963612 0.9240661058640441 0.38002547647860985 -0.03591385502806439
370.0 -1.1738409453867207 -0.5266813703425859 2.4600709635710074 -0.020555851050184894 0.9234135826578819 0.38201256516151594 -0.030841731618964703
371.0 -1.2019057667546293 -0.5078277832617999 2.460255447603863 -0.018748358775927253 0.925511198559965 0.37708477739403173 -0.029742075263838028
372.0 -1.2222373669848865 -0.5202476602188876 2.471547080039118 -0.013814511700729143 0.925645970921737 0.3771135508689847 -0.02782203324365534
373.0 -1.2417392790270743 -0.49898963361142684 2.4599457827929654 -0.010207389101144217 0.9250674364418064 0.3789726234611701 -0.022930283680763146
374.0 -1.2636882720210845 -0.5141937719952536 2.4602467010858837 -0.01149796448142855 0.9249006344885186 0.3796390606174053 -0.01734349414200484
375.0 -1.2765077921486412 -0.4923794209795095 2.4661143360205378 -0.015440537031663364 0.9276809951088976 0.3725616996656128 -0.019166143905570233
376.0 -1.289640805829489 -0.49975479610959916 2.4662308564263573 -0.021215248203125252 0.9255143572198689 0.3776338932512374 -0.019124081454688906
377.0 -1.3053339725938053 -0.5269399296584538 2.4758791202429866 -0.02163950237303041 0.9241118607292573 0.3811458788571188 -0.016637903317182803
378.0 -1.3396786416542144 -0.5167753773981913 2.474223426765987 -0.021416606091280675 0.9245644108585979 0.38034617520731584 -0.007665909103979331
379.0 -1.378855979884643 -0.5133624572923687 2.4870158357042724 -0.020747070216023303 0.9248296982299665 0.3797746262820272 -0.005551718802947091
380.0 -1.4227041834381 -0.5030238402782286 2.4815528613419855 -0.014475018474548917 0.9256739269184318 0.37796924211851396 -0.007583328815732954
381.0 -1.4320444933082725 -0.508568017469393 2.480782775542379 -0.020299374029597278 0.9258425642863702 0.37727663371737324 -0.008113151085253806
382.0 -1.4708597769566512 -0.49680106960052534 2.489011020897116 -0.01648719135845956 0.9280959865762326 0.3719737951032077 -0.0012279978484677902
383.0 -1.4852266198591129 -0.5077927455599826 2.495253928718566 -0.016545021520827093 0.9281378385551278 0.3718599275369006 -0.0025708359227731687
384.0 -1.4987760194453756 -0.5028492646353337 2.4974542171050853 -0.016952605526746517 0.9286884747471935 0.37045847477277594 -0.0032930998488228235
385.0 -1.5346847160437316 -0.49376813925678287 2.5028629936198463 -0.01286054566889432 0.929422102921922 0.3687932074186975 -0.000855059717195823
386.0 -1.5513968929609585 -0.5015484132201594 2.507981960718745 -0.013150138567469915 0.9292214306529432 0.3692849878360794 -0.0017900921374380601
387.0 -1.5727550076856955 -0.5005178980468944 2.5066957888100823 -0.013518218307327239 0.9295850454900395 0.3683597249322391 0.00011841841855077174
388.0 -1.6025723540152963 -0.5251962150381889 2.5292302309567614 -0.010846744826576495 0.9297312854188812 0.36807437868638293 0.0018266895344674515
389.0 -1.616797110720878 -0.5153921179307354 2.528234222328016 -0.011239784567565659 0.9285769107070629 0.37096862637813544 0.0009307995065494254
390.0 -1.6414975061548769 -0.49035963105653885 2.5336761625045123 -0.013262040488934127 0.928841486296628 0.37016245362087735 0.007574268658615325
391.0 -1.6927848664626524 -0.5053925330684225 2.554947271005605 -0.007982393090994765 0.9277476716513308 0.37265217287787 0.018732250144535136
392.0 -1.6915281549414054 -0.5055402963866413 2.544763562567568 -0.008434340920861075 0.9244911287037035 0.3807475942434094 0.016621802526767916
393.0 -1.710245209165469 -0.4971791725613546 2.5451668809071846 -0.009011233941664391 0.9218659995331351 0.3867984872772789 0.021651946970908026
394.0 -1.7408196936084939 -0.4833374952427839 2.537407938622182 -0.007899864047898338 0.9204489317802984 0.389592804188028 0.030476270399131374
395.0 -1.780593881124884 -0.48863410910769484 2.5508322236798016 -0.005572546482668303 0.9204692350851863 0.3891647354006593 0.03544210360468453
396.0 -1.8203453971679162 -0.48558395180907377 2.5631063026200653 -0.004509956999122225 0.9210059480747224 0.38785856372721345 0.03596440521280905
397.0 -1.84284531984854 -0.47270656948439216 2.561908342694905 -0.005251681230110469 0.9191960487081052 0.3927231914551522 0.028627587689914375
398.0 -1.86353382674421 -0.4792099341371692 2.564016481691129 -0.00517935449816963 0.9159977613321414 0.40047547976788617 0.023252217661309468
399.0 -1.901222960443302 -0.4888174513286568 2.5725095946111494 -0.0029665476732084004 0.9141666746487406 0.40481582406499145 0.020362689978197675
400.0 -1.9167228112579213 -0.4942413228778996 2.5754702834894814 -0.002186892289149287 0.9117343996614394 0.41071402048592975 0.007042396779062535
401.0 -1.9411197396157416 -0.4766169155297951 2.568378561017466 -0.0028161281617777576 0.9102826034584443 0.41397174877230086 -0.0022455470371765887
