0.0 0.0 0.0 0.0 0.0 0.0 0.0 1.0
1.0 0.005422562457774212 -0.002162493228534431 0.0002655740919889288 -0.007627185020643662 0.0012905512276025711 -0.0036787185879197898 0.9999633131049063
2.0 0.006708397519734232 0.004974102318296685 0.005027775534019134 -0.009102468777438944 0.0027041521067098467 -0.004865273660269481 0.999943079247889
3.0 0.002209871696917771 0.004606548353120329 0.006218359604321886 -0.010643536741864017 0.006063791466382994 -0.00856490768295551 0.9998882877177127
4.0 -0.001473493509075452 0.0011631665524967777 0.007633368812355193 -0.01176634222427049 0.00788741395631515 -0.011148883520851147 0.9998375089423188
5.0 -0.0010715630892717562 0.006406972691728074 0.007458930728730353 -0.009469999609481894 0.006572621879194215 -0.010525655995428622 0.9998781577346789
6.0 -0.0033596825558541545 -0.0034513766812719246 0.005436176706826814 -0.012565927015814542 0.005185660144200209 -0.011826063377548773 0.9998376621392557
7.0 -0.002595352430621216 -0.003349434529479951 0.0013562638580589253 -0.011289021244021688 0.0030192374840103836 -0.01087978404003987 0.9998725281272656
8.0 -0.005661272503244353 0.0020981149456742905 0.0013682177830172673 -0.009408379720731804 0.0032577409592696545 -0.009728882197716305 0.9999031044886578
9.0 -0.002950387206531113 0.010342778712039083 0.0019476076850502625 -0.005929288489675324 0.001631520182684601 -0.008609466405665402 0.9999440278176122
