0.0 0.0 0.0 0.0 0.0 0.0 0.0 1.0
1.0 -0.005157132073128377 0.008985306154276385 -0.01388944794495685 0.003966790419566345 0.0006942279140168874 0.0003493702139449288 0.9999918302475398
2.0 -0.0011666390529708073 0.005136916963213819 -0.008647258504176542 0.0004706192060895484 0.000781832284353855 0.0019852810721184733 0.9999976129546043
3.0 0.0037674183078729787 0.0030896414637849126 -0.00722200565544082 -0.00047116319185019494 -0.0003551931964155525 0.0024557675026682674 0.99999681051942
4.0 0.006962603068259599 0.0042750159307774135 -0.0038953788891260975 0.0003716216420295353 0.00035656960600983253 0.0025617197312804525 0.9999965861679178
5.0 0.008612111359928534 0.006778964061943366 -0.003918521331757786 0.002265115148925167 0.0010468125494334805 0.0024282343180430143 0.999993938539102
6.0 0.01216602139345367 0.007210609378539444 -0.0011737250165014441 0.003991890595448706 0.002683497251468446 0.0026729440691866803 0.9999848593963703
7.0 0.015722579711393694 0.005670617458160434 0.0006723157297948148 0.005928917119850626 0.003150503696199386 0.0024594572608278415 0.9999744363423639
8.0 0.016068544433565733 0.01205059801703991 -0.003927273035758487 0.009363997820572073 0.0035753127323653365 -0.00022355919024938454 0.999949740089456
9.0 0.016693014804070146 0.01305032376495445 -0.006768799226465597 0.00927060851438179 0.0031510049803335364 -0.0029448292730355724 0.9999477261166905
