0.0 0.0 0.0 0.0 0.0 0.0 0.0 1.0
1.0 0.004518108856523698 0.006254020628749491 -8.785477355606269e-05 0.0010010394211974227 -0.0005365958385909092 0.00046091484836963034 0.9999992487709607
2.0 0.007617486611328436 0.006061304853386275 0.0036295208846150355 -0.0010389282108906645 -0.0005847842835761294 0.001884841603910013 0.9999975130107286
3.0 0.007639313489587261 0.0015542306128936301 0.006982641435150902 -0.004211448543005605 0.0010573908669172741 0.0011477377969987923 0.9999899141109742
4.0 0.010076633555624829 0.006376241780252053 0.007317603790257736 -0.004259511817179661 0.0026841060732438796 0.0021474953994035577 0.9999850200863892
5.0 0.010631775869877291 0.004628631193566362 0.010898921737317591 -0.005677864857760231 0.004007087489486115 0.0022240608918490125 0.9999733789724894
6.0 0.013692001991131875 0.003683428895811502 0.01339801577101866 -0.006533889039425646 0.004614129822235876 0.0021679677584167554 0.999965658418229
7.0 0.016175743160624038 0.004910223913223457 0.015154128488830024 -0.007064919721063812 0.005064429147997543 0.0027077267799941354 0.9999585524822641
8.0 0.017227513735447782 0.006914909971246709 0.01982295042139163 -0.007115984975993458 0.0053235704810514215 0.0030058807549914455 0.9999559925496928
9.0 0.020243554662112202 0.008120255295675855 0.018489617328187106 -0.006893064106949486 0.0053229051973470625 0.004457558068882159 0.9999521401164859
