0.0 0.0 0.0 0.0 0.0 0.0 0.0 1.0
1.0 -0.004570990463569961 0.011590857196391779 -0.01205729129800953 0.004770222051345978 0.0005938186532726525 0.00021893863782512186 0.999988422146407
2.0 -0.00019096413234779918 0.006057557071440001 -0.007622512055432272 0.0007772443748108451 0.0005785530160326038 0.002046066874805423 0.9999974373856833
3.0 0.004204958969841943 0.0043030127341778844 -0.006341526343797723 -0.00037447355730345843 -0.00048180017603743154 0.002780021790032929 0.9999959495502931
4.0 0.007925180127744026 0.003789009810875538 -0.0024786710253750506 -0.0003547458557349151 -0.00014926405474728215 0.0033505495605250044 0.9999943128304591
5.0 0.009252039776471396 0.006723151972992883 -0.00295325908816671 0.0025054205019975438 0.0011038847150963923 0.0028198498806769174 0.9999922763468198
6.0 0.011482259931191707 0.007418820397031702 -0.0007323328002163822 0.004311835490846323 0.0029190066824604354 0.003071762158270259 0.9999817257089904
7.0 0.014947246101103602 0.004753842153416691 0.001073598566515358 0.005089503798645204 0.0029324026997173055 0.0032122656583190514 0.999977589406298
8.0 0.015573669484123946 0.011383248151043452 -0.0028271579707156353 0.00928504562491638 0.003654881618979823 0.0004112748032241888 0.9999501290670103
9.0 0.017279884823710772 0.010558998500052399 -0.005941362493907557 0.009222758974590036 0.003121318636163051 -0.0020268223420565525 0.9999505438160738
