0.0 0.0 0.0 0.0 0.0 0.0 0.0 1.0
1.0 -0.023038981486273563 -0.01948503223995153 0.025924818162373204 -0.0070945207315998805 0.013336651378985381 0.0091419412024198 0.9998441010560775
2.0 -0.02481195517418608 -0.035060068330656766 0.03373781518926532 -0.008415824625756236 0.018847901067527328 0.014366548715710354 0.9996837163819446
3.0 -0.029832518498764327 -0.008815149932668815 0.03726245049279436 -9.873789318377853e-05 0.02461047269107174 0.015690187413311584 0.9995739757034922
4.0 -0.04055656865740123 -0.015455636281975915 0.03972790030693187 -0.00011791053048642345 0.032000240691302966 0.017819791338965614 0.9993289877359914
5.0 -0.041508505385644455 -0.02778630205640973 0.037584932088186924 -0.002830053917856303 0.03705720925015553 0.02180176189879513 0.999071287354171
6.0 -0.04636147056153388 -0.01878051189987097 0.04109006260462127 -0.0024650299377786612 0.0424419820744009 0.024689862313985077 0.9987907751295657
7.0 -0.05043164089929422 -0.03348316939875171 0.0434484342005726 -0.007350766934796476 0.04792183109891673 0.02769936553301084 0.9984398877642388
8.0 -0.0557832576714036 -0.030019747805923404 0.05221690068522413 -0.009739674760219029 0.0585871165975428 0.032929174160237454 0.9976915144439567
9.0 -0.05245466651866817 -0.031153209489957905 0.055044526449827824 -0.011733650945076737 0.06242624174325322 0.03687162216484948 0.9972992375692686
10.0 -0.05382569442171271 -0.02158492328947053 0.05746134528282392 -0.011398949291133456 0.06660209051593624 0.037997590626854136 0.9969906762856506
11.0 -0.050400993293577626 -0.03601438966665909 0.0644411898022363 -0.014954571916716522 0.07170813358564342 0.041537991106078316 0.9964481419779568
12.0 -0.054537923830727995 -0.023873991942762043 0.0677540199706115 -0.014307904680614231 0.07877142402476503 0.04263665042419504 0.9958777347954748
13.0 -0.04545206862202776 -0.022972746817369126 0.07053957873649207 -0.0151810457313601 0.08330939822039339 0.0456289129387165 0.9953627892998057
14.0 -0.054999047828906925 -0.030744982970667124 0.07034708880680046 -0.016627003813134783 0.09161131310716916 0.04816299850797458 0.9944904401902007
15.0 -0.05053393985621125 -0.03222304844248771 0.0709060411408799 -0.018539966155558554 0.09782430612302341 0.04905569245471514 0.9938210169966664
16.0 -0.04992328250634236 -0.010712334541141217 0.07300736315584792 -0.016799187571008234 0.10429426660477759 0.05087344515302583 0.9931024045024701
17.0 -0.053655263403585285 -0.01312184930440186 0.07605691079573344 -0.018035810255996633 0.11099790728473766 0.05309485360862425 0.9922374265502674
18.0 -0.05113402083446277 -0.028315596560623872 0.08126750753983329 -0.02281331597384397 0.11652941055097364 0.05510983167489025 0.9913946517627001
19.0 -0.04921097849894091 -0.02291236489277816 0.07907316239727133 -0.022754111995330187 0.12240257915589493 0.05785188609230084 0.9905316846415627
20.0 -0.05602088402888226 -0.01517824508460204 0.08100382309202543 -0.023236003400238292 0.12984771890587624 0.06003257052039496 0.9894421400555155
21.0 -0.04692063425915096 -0.015827899890033907 0.07861386849987305 -0.024875511181840358 0.13376805775420333 0.06376486018768317 0.9886462250336848
22.0 -0.047685279130454054 -0.012315594450112285 0.07894164459501932 -0.025486897546827633 0.1390382288812635 0.06714937262969783 0.9876789714874146
23.0 -0.03160598274328657 -0.023822197888769277 0.07613907893936203 -0.027306686968659136 0.1415843987237478 0.07193405912700883 0.9869314535581194
24.0 -0.03973501909353637 -0.029076852945054268 0.07617529058385487 -0.028249168452626316 0.14865797457031163 0.07595535572575536 0.9855625677829701
25.0 -0.02640002601938382 -0.009481737105284233 0.07482171928705215 -0.023486804759065276 0.15007146377173608 0.07886340956224855 0.9852448875258552
26.0 -0.01848327363679461 -0.015874086244219748 0.06820212696946529 -0.02376818252576802 0.15225926878613338 0.08262973601687212 0.9845935787389211
27.0 -0.023159077643754706 -0.015141381323543243 0.06408964619052578 -0.02194938757093983 0.1569848547464934 0.08471791679877684 0.9837158402398319
28.0 -0.02197538142862498 -0.013224182414116025 0.057892597395840566 -0.019362923359588075 0.15972317523651636 0.08703480585057088 0.9831269129984639
29.0 -0.010955733678430642 -0.005504985807060396 0.04926396134073036 -0.016087833565982777 0.16044256777105897 0.08904831393114326 0.9828884788439648
30.0 -0.01684997607089823 -0.023680545502259197 0.03996160366324057 -0.016998178597533786 0.16516180791849838 0.09047465457842414 0.981960781298507
31.0 0.0065668487718410235 -0.007487862130777635 0.02786658480912987 -0.013273980089332822 0.16337196672209162 0.09169512524358799 0.9822043605831255
32.0 0.005703116931505446 -0.007251850092461226 0.019489294430552164 -0.011469227095357559 0.16736783266175365 0.09294135124802656 0.9814368908127171
33.0 0.008291253639652243 -0.006075303335522261 0.008585143327237107 -0.00994467224876086 0.17078802543371524 0.0936674876637214 0.9807950630060716
34.0 0.026649407982945017 0.00887624437286081 0.0029935764818340527 -0.00500561746162705 0.17165296337496214 0.09566600140936121 0.9804887659390932
35.0 0.01103275967834362 0.02053110059507761 -0.0030074645034148446 -0.001336089957381943 0.17852674424766063 0.09566600192790885 0.9792723995534058
36.0 0.03882886798977281 0.01809252574145168 -0.02129043986521505 -0.0014368895227791308 0.1779487260970436 0.09860592998943017 0.979085827085582
37.0 0.04718233471729986 0.04022466070370345 -0.034083206998548624 0.00159421465346875 0.18131194127606995 0.0987365180291183 0.9784551795753483
38.0 0.045460962968185 0.04058984889502902 -0.04488630550797298 0.0008664004511440568 0.18632956135354148 0.10014071289333622 0.9773701353823278
39.0 0.06637964328894752 0.05107860940920411 -0.05989853255701968 0.00115068752013937 0.186375312997132 0.10090484468065307 0.9772825236048301
40.0 0.06377824751168606 0.06649848652543196 -0.07052422854073874 0.0020158185644423635 0.19138393606826035 0.10250180239997694 0.9761462523593948
41.0 0.0766408244653033 0.06394536585814095 -0.08452089387299266 -0.0010316260157470893 0.19276602425443162 0.10192551824968916 0.9759361579378211
42.0 0.10133449770401282 0.052511748004015084 -0.08966275360098465 -0.00500184972751399 0.19292274533091858 0.10298102277388368 0.9757820990270982
43.0 0.10194711314267305 0.05921403819657456 -0.09818711519536169 -0.005515946375869921 0.1977729015098789 0.10380412863143088 0.9747205531038173
44.0 0.10665321503800362 0.05536063461596185 -0.11330040312193515 -0.007730094499892264 0.20066638009476456 0.10538981557565422 0.9739436515074247
45.0 0.13139883343296815 0.06085542192064898 -0.12156761421820159 -0.005763832860440288 0.20002341905560028 0.10621700504961162 0.9739996703789767
46.0 0.14863066461882893 0.07627838744375168 -0.133985111407902 -0.0016051891350248974 0.2005028662782454 0.105760621448405 0.9739664855285811
47.0 0.15204864864358456 0.08343289107196954 -0.14372231036581554 0.0011932341989204032 0.2039124417854057 0.10584253030458468 0.9732500454949813
48.0 0.164925425641487 0.08740300698865824 -0.1564642730338518 0.0028277569415465728 0.2055355976760388 0.10595686979173083 0.9728927297613911
49.0 0.17563040076627787 0.10051601182376978 -0.1594252211493566 0.007564909985504297 0.2079784593316306 0.10431917106482874 0.9725251889484918
50.0 0.19233600689866184 0.08806135145185978 -0.18599802464633639 0.008584431094400559 0.2076150190179439 0.10831232008083294 0.9721577818130509
51.0 0.1983526969375611 0.09757853188884308 -0.18832086213865484 0.012684388186214287 0.21089718993026946 0.10618826619267381 0.9716406402054472
52.0 0.21288163687310052 0.09699566017684841 -0.20093940504514143 0.016142182667315513 0.21216196449035105 0.10755756101693281 0.9711632724884209
53.0 0.21821854246465264 0.09912332904665526 -0.20930114501745117 0.020994870505476906 0.21491279799578397 0.10723579156596226 0.9705009993180342
54.0 0.23565557305061086 0.1025456415848187 -0.21768264189756426 0.02577310340175606 0.21570015161226416 0.10755817278741381 0.9701754641311651
55.0 0.23677020810202876 0.10336029477620409 -0.2308563309673787 0.031142738295807694 0.21869946966311593 0.107190657937889 0.9693868343810705
56.0 0.24155093766883237 0.1022451459252789 -0.2348080873925567 0.0361350160422098 0.2213144926338811 0.10660095382113223 0.9686848778680618
57.0 0.2540877136033654 0.10743134334190226 -0.24830496343226946 0.041876428350213164 0.22240504004943742 0.1069634250849157 0.9681638232258738
58.0 0.26312598138569065 0.1035167473513126 -0.2579506894835677 0.0451688625066496 0.22451589647238082 0.10652928553252197 0.9675763005649679
59.0 0.2674050952107497 0.09965413468229775 -0.26850012225697706 0.049305372075608804 0.2278512490801409 0.10750338050921046 0.9664863225913739
60.0 0.2819070151786636 0.09795799796557303 -0.2744387770320622 0.05367430587784167 0.22883476500881014 0.10762520140662987 0.9660075233837866
61.0 0.2904802767479489 0.10390252278080123 -0.28368941722278324 0.05968516086145011 0.23089120220162537 0.10764606000612394 0.9651628153239167
62.0 0.29624966497415917 0.1023467214778101 -0.28851211218201717 0.06509738146105314 0.23203443743020144 0.10757316005412751 0.9645467153069017
63.0 0.2933756299071598 0.09802373903363829 -0.2969402293210459 0.06855302691646425 0.23475675379349162 0.10805236038925446 0.9635945394527945
64.0 0.30443901316456085 0.09480892707662919 -0.3055911518002421 0.07375741169303662 0.2348940071126877 0.10913152845624993 0.9630550135582553
65.0 0.30611123537823376 0.09100747338964538 -0.3117341559801225 0.07757939119323308 0.23636072899159788 0.1095096760116572 0.962352676887465
66.0 0.3110321202924461 0.09217612059772987 -0.3181093288197628 0.08314317269837221 0.23797320422586202 0.10919361640372242 0.9615262456328489
67.0 0.3163276463801395 0.09296295418732262 -0.322317330200412 0.08813837543603863 0.23905667430244376 0.10888059812411738 0.9608478280139294
68.0 0.3162109884418909 0.08331329423066271 -0.33219599165244357 0.09162292307764953 0.2400774571391603 0.10976678464609686 0.9601662916020116
69.0 0.32278348600328144 0.0885485397128117 -0.3345575895206429 0.09850648266647054 0.2406394409015955 0.10782633509205866 0.959563762246086
70.0 0.32287671919163524 0.08151229027383987 -0.3440070282008878 0.10202764804595471 0.24149786375115553 0.10803445742466876 0.958956566715509
71.0 0.32881673861431454 0.0840283622170531 -0.3467021436678105 0.10754524122896066 0.2421155402997283 0.10726086866806202 0.9582845048767867
72.0 0.3312976394939255 0.07900400302585145 -0.35100041754028716 0.11167275495204983 0.24320984914328578 0.10612021787372201 0.9576620825946663
73.0 0.32773058419186696 0.07429003483528934 -0.3588975092013039 0.11645143548690927 0.24450341855830618 0.1059285591301301 0.9567843444825769
74.0 0.3261286888986565 0.06990742525285348 -0.3624010935347857 0.12016419390917366 0.24564274109540826 0.10562775199611009 0.9560664141457649
75.0 0.3250188783889427 0.06760187934764791 -0.36882993213750176 0.12375773009201355 0.24598496904084677 0.10505231388719263 0.9555832933844086
76.0 0.3256070300074475 0.062076611970877896 -0.3726231480456028 0.12684703770013836 0.24617342652837884 0.10486366143470556 0.9551502947748506
77.0 0.3265593695348461 0.0648266668979525 -0.3739499116349653 0.1310226721964802 0.2457556953968537 0.10316996194842498 0.9548786082545064
78.0 0.3157136850405136 0.0550198670724726 -0.3772913211137516 0.13266682808292685 0.24773279736275755 0.10354112866923797 0.954100208841366
79.0 0.31506878351196344 0.06350739312078381 -0.3760456177367947 0.13712323393759573 0.24717397451618706 0.10051527223781048 0.953938638007354
80.0 0.324354445540318 0.05963078414354128 -0.3744479305228027 0.13909980903095415 0.2451476033134262 0.10019212319469827 0.9542093240830198
81.0 0.31664698027690136 0.05771496397516458 -0.37852241453702595 0.1411221823610809 0.24521888697133798 0.09892914399611215 0.9540258128511936
82.0 0.3117596251986189 0.053994702424120064 -0.37713817790260556 0.14335754370814385 0.24544726028931343 0.0976621215492056 0.9537643142270243
83.0 0.3088696937355852 0.05102264255817115 -0.3761746226463776 0.14514735063869105 0.24555540456656424 0.09654472478164122 0.953579522644838
84.0 0.3035774563436406 0.05050115949805017 -0.3732278029792661 0.14772694201499248 0.24609358657679065 0.09603507375712457 0.953095987745796
85.0 0.2890199328989085 0.04690725335355347 -0.36205059887053925 0.1498730212596804 0.24938514594947425 0.09678054289703761 0.9518291091339923
86.0 0.2986999595086822 0.03784376591926495 -0.3724229034896528 0.14824047152672581 0.2476363447076154 0.09656736662175645 0.952562726063289
87.0 0.29368795410825116 0.03428126572402228 -0.36965480253597777 0.147612077142717 0.2507651162179884 0.09584886382342765 0.9519141381834547
88.0 0.29424343890739635 0.03488657340162135 -0.3646643170230659 0.1484226142860417 0.2532603770025577 0.09504391473329703 0.9512079495468848
89.0 0.2954285196777037 0.04155511924833082 -0.3652455544211788 0.15035534445864182 0.2551426199103068 0.09429009373540634 0.9504761396907321
90.0 0.2878332874538548 0.03639653383409364 -0.3577308688044751 0.14932050107608213 0.25957388949333415 0.09486906381899617 0.9493811903454783
91.0 0.2816362075210456 0.031229842199823103 -0.34959501948760047 0.14748191628600374 0.26429598327852166 0.09613294716461089 0.9482379311443377
92.0 0.2766066901373202 0.02658756268259418 -0.3431460995097046 0.14558988131436768 0.2690689485196006 0.0969650201081202 0.9471025669254923
93.0 0.2738677208133385 0.02535160247071658 -0.3315504075640333 0.14434116170366407 0.2739056807150135 0.0994479934875492 0.9456486682174211
94.0 0.2738848114163517 0.027750840736439176 -0.32520615985930384 0.14452237679725777 0.27628623132043967 0.09951278348790174 0.944921376046764
95.0 0.2664127909455741 0.023965621398582243 -0.3154741287494512 0.14396967396487545 0.28160962604699336 0.10233083317979666 0.9431315666845473
96.0 0.2490981121852869 0.000860924062274617 -0.3095304717033098 0.13947620759200755 0.28892164269366144 0.10749976215587116 0.9410177857168156
97.0 0.263042831040505 0.014753529954445892 -0.303621429484012 0.13907475901019284 0.29116896370366996 0.10878369076941236 0.9402366481926625
98.0 0.26000331097825113 0.013347035406326575 -0.29324878582463004 0.13697988181764814 0.2966928145668908 0.11154972376880566 0.9384916328282862
99.0 0.24983144696100132 0.004166576325254605 -0.2799990348267206 0.13412334677604182 0.30195375302465155 0.11510448671994133 0.9367955038432135
100.0 0.23693235326082232 -0.004246424244714841 -0.2652797066495893 0.13090516023856724 0.30841399490892957 0.11917847706832609 0.9346342265137225
101.0 0.22593786085641437 -0.01307605819925481 -0.2538484728461577 0.1260904209370151 0.3132768861276508 0.12263289559547534 0.9332309313797729
102.0 0.21894375325860824 -0.020112592028827328 -0.24267887325109297 0.12146490805488187 0.3179949919695022 0.12789338675425851 0.9315410580420279
103.0 0.21785613823335737 -0.02132178449512325 -0.22866119784591907 0.11947963055395347 0.32171102553103886 0.13243051957586016 0.9298864400663802
104.0 0.2046749482169297 -0.03265928222462584 -0.21302354424791578 0.11603847809191255 0.32721646051001047 0.13887835758662598 0.9274574175494285
105.0 0.1991751397582852 -0.03497541824119802 -0.20560423744533987 0.11341327990974485 0.33031737387099536 0.14339720499168118 0.925994115564271
106.0 0.19357953356278346 -0.04235756467483378 -0.1847483820956463 0.11053284104760905 0.33432921306206154 0.1479261839895508 0.9241884615345164
107.0 0.18552915602009634 -0.048324953137100654 -0.17629167823601669 0.10628245722852153 0.33701833864247244 0.1528984650880872 0.9229001777428815
108.0 0.1737562839481876 -0.05326542742675526 -0.16201797796000983 0.10282466305860417 0.3403790263404577 0.15699480567108282 0.9213695448009477
109.0 0.17061002640977688 -0.04057003927324317 -0.14318109762632542 0.10198726792063845 0.3427747960527002 0.15898660220045985 0.9202321971621436
110.0 0.1619038528250798 -0.06862392030222492 -0.13426467810222065 0.09254482241943608 0.3456876290822288 0.16564381860828115 0.9189655294404296
111.0 0.14864420219791089 -0.0796398812512348 -0.11891431029864191 0.08808774917024875 0.350530314559961 0.1695363354864382 0.9168568470434433
112.0 0.14750263121811166 -0.08148578562141236 -0.10712118915093506 0.08604685220269095 0.3533052310658108 0.17269572553642032 0.9153947450739444
113.0 0.13674629387796514 -0.09193008755924906 -0.0895458303138047 0.08323040606744939 0.35823543085159787 0.17664538132063112 0.9129821930610181
114.0 0.16344436238176893 -0.05314530395564457 -0.07576762410920004 0.09026828457068857 0.3535008213178601 0.17441621501350288 0.9145861304812286
115.0 0.1265290439032825 -0.1003852879907352 -0.06756933001993852 0.07902020143115424 0.36461333984991595 0.18263357100690367 0.9096471287870566
116.0 0.12297097863482795 -0.10703884898977965 -0.05707990654288819 0.07578751612469825 0.36731736160613043 0.18595845373187408 0.9081594913604164
117.0 0.12488578241622955 -0.10895383888792298 -0.04848337991918886 0.07369976439901144 0.36892898366947213 0.1880776499926926 0.9072411737291066
118.0 0.11786443994239884 -0.11210645792711703 -0.039446414901990585 0.07160618341266069 0.371754229855988 0.1899945947188219 0.9058550662544667
119.0 0.12594180757913995 -0.09925320774431705 -0.028529373957362228 0.07283838375737471 0.3711228297499483 0.1890647933437287 0.9062101958198757
120.0 0.12968173678010883 -0.10118277918822345 -0.011527927022402483 0.07076180328242478 0.3731853387383246 0.19193412993914796 0.9049236210374241
121.0 0.13030792007189307 -0.10808099297260824 0.0031360477367477968 0.06821342262300323 0.37589418142187064 0.19460594795494834 0.9034262661489278
122.0 0.10934011655468216 -0.1269078257129169 0.012372030274764148 0.06558514679846557 0.3819985247415958 0.19685117905088645 0.9005694470283476
123.0 0.1030868755663104 -0.13248054870468 0.02507781467756047 0.06517817183873394 0.3858003419859403 0.19821617590042084 0.8986769439852708
124.0 0.10240330313285408 -0.13618424096055046 0.029155265627034813 0.06403653295920092 0.38651610045283685 0.20005787156586632 0.898043136247827
125.0 0.09956643888848853 -0.14037233746916655 0.04064825805103383 0.06258191657604602 0.3882968428098495 0.2021834829394003 0.8969007218238064
126.0 0.09897819840666539 -0.15360353478140884 0.05397112093810342 0.05882363778082156 0.3906456880442836 0.20446940222939264 0.8956159833335903
127.0 0.09812168234660641 -0.1614137481216326 0.061718962303554704 0.05626772261762269 0.3925184402127248 0.20440772426378953 0.8949752509123895
128.0 0.0987277215559286 -0.15742952284591466 0.06541468309038302 0.05581403526131513 0.3938206039955973 0.2029630912494669 0.894760363967276
129.0 0.09899731942386497 -0.17085688251931158 0.07788076323104798 0.051768612336760896 0.39772886268228885 0.2039477855962102 0.8930493062068754
130.0 0.12569127438643446 -0.14985568074806915 0.08499103712294268 0.052845773364010654 0.39693454608282597 0.19956649117831493 0.8943285223911603
131.0 0.1280370004105862 -0.15870430749055534 0.09819518924381608 0.05002895777044757 0.4020888539113169 0.1992958677944078 0.8922459380825224
132.0 0.13316983383259257 -0.16521853519417093 0.1095264646584075 0.04814534139309433 0.4066386679086259 0.20011422079855906 0.8901018584958837
133.0 0.14129187445768823 -0.16674137539539335 0.11903438766991224 0.04833794320194156 0.4106140648413524 0.1995906196211473 0.8883823037187953
134.0 0.14653329956651526 -0.17629529380082207 0.12961710673093263 0.04829777718526826 0.4156296315691944 0.20063742700139842 0.8858125969791107
135.0 0.15086525010174393 -0.18981797316791327 0.1360344380617388 0.04781981313023348 0.4204177094167463 0.20239989515804035 0.8831741037422803
136.0 0.1486862242805346 -0.18948158337423865 0.14874980808189855 0.04870641834806435 0.42600001304432755 0.2045936356489482 0.8799392694668657
137.0 0.16097845132767344 -0.20205308021574622 0.15897101280828022 0.04787233356033604 0.42791372686762597 0.20825795817026055 0.8781951405561869
138.0 0.17148513783766176 -0.20966567309247144 0.17188121812667712 0.04756748230712642 0.4312064491311444 0.21098922003706186 0.8759462779661908
139.0 0.17775773527022282 -0.2249492239915857 0.18470649279606488 0.045214764428443625 0.43536339383631223 0.21474966866832315 0.8730961689251957
140.0 0.19256599176150194 -0.22473557086255214 0.19914632148714942 0.044673350628067016 0.4397448745450237 0.2171744983074129 0.8703240628294536
141.0 0.20111841954276127 -0.23994846352193916 0.21215835412563291 0.04243325687966628 0.44560692340260605 0.2202885851726228 0.8666641955041712
142.0 0.21117210144221088 -0.2507935639425509 0.22288589143913345 0.039658264506995014 0.4513260066337532 0.2229565979722218 0.8631468086096222
143.0 0.21975395749295012 -0.25582829803162027 0.23169954446701777 0.037644144685515156 0.4562184060185713 0.2249092921306517 0.8601531809474746
144.0 0.23255758502618984 -0.2619279772292324 0.25009066241976485 0.03612458758851002 0.46277269544825866 0.22648409762480662 0.8562951594177035
145.0 0.24332137250554292 -0.2829302102511025 0.2707231114291296 0.031033340571964253 0.46963198279780455 0.23057504656684566 0.8516559636420353
146.0 0.26076031830588364 -0.2760481882922061 0.270195350198913 0.03574831655489337 0.47102745640145466 0.2332483875885657 0.8499708129499512
147.0 0.2752557949961653 -0.2935782716092991 0.2766223756057036 0.03603666013589365 0.472718711252405 0.23926227839512565 0.8473440513128588
148.0 0.2707509114074173 -0.30369280258723963 0.2897781606344012 0.03594946677153523 0.4790151969901595 0.23964872474784613 0.8436945926210812
149.0 0.27531693014393605 -0.30640130094923346 0.2945707042041681 0.035994262689284066 0.48187640758060396 0.2414436520067248 0.8415488718882118
150.0 0.28409538178874655 -0.31138653231408053 0.3075277940250689 0.03386381874318239 0.4866521158240675 0.24256231896010536 0.838562151163993
151.0 0.28979888774814816 -0.33925121503193495 0.3229183662853456 0.028042426811892257 0.49283716840140884 0.24830265212200303 0.8334692200014111
152.0 0.2928525523880038 -0.3390976458874581 0.3328061465755803 0.024803490841122808 0.4973046993832733 0.25038536822658536 0.8302891003689281
153.0 0.30333309046581514 -0.34590994647451934 0.34940277787871016 0.023793727764136696 0.5024347018965175 0.2518063542969294 0.8267930749497924
154.0 0.3096507726399205 -0.35758967343771797 0.35465788759083006 0.02397821937252663 0.5044397455190169 0.25482424912812524 0.8246394304135108
155.0 0.3107994149799943 -0.36162859969592115 0.36704555598788785 0.023993660695267666 0.5095467433992884 0.2556801599717759 0.821227177055428
156.0 0.31383856763847884 -0.373157149706001 0.3827216048384445 0.02205302492429425 0.5137920951566981 0.2576478584857878 0.8180152370609403
157.0 0.3149201551177438 -0.37596479442520336 0.39477122524882075 0.018372312291324237 0.519648527410483 0.25778662997799373 0.8143549100397046
158.0 0.3161569364763447 -0.38649582129833376 0.40678975421807106 0.013157646350535417 0.5250673299377479 0.26177339014335393 0.8096949225402206
159.0 0.32483565512206003 -0.4030886615877542 0.43329205904530244 0.009383334816127003 0.5310808793913652 0.2644310593801097 0.804947990498601
160.0 0.3247936371498656 -0.40133011875021274 0.4390941301939952 0.0064097076225894745 0.535696804148042 0.2648875052451256 0.8017620964093906
161.0 0.3265081424240323 -0.4130036885042313 0.45447291712103494 0.004932210760452665 0.5420548346854095 0.2673891293048479 0.7966525484932457
162.0 0.32397835168702044 -0.41552147373484866 0.4658525384016136 0.002936373702305349 0.5489925975178986 0.2679882046300504 0.7916949082564527
163.0 0.323641886649506 -0.42827507136844045 0.4897493526397151 -0.0011812432547009147 0.5600357539787132 0.2709551794310388 0.7829060286326586
164.0 0.3275192601440882 -0.44279838803312116 0.5063754441934899 -0.0037559837404903184 0.56748386536597 0.2766423918190632 0.7755107621329744
165.0 0.3337598434958803 -0.45913143882139884 0.5346747919411641 -0.005642690052821432 0.5777047946503113 0.2822324867265256 0.7658786808125495
166.0 0.33204664029650344 -0.4665791830472962 0.5410073777532409 -0.0008426306014953098 0.5829653216476897 0.2845655572413359 0.7610342747615267
167.0 0.3254119955532155 -0.4730833803649237 0.5594433919419942 0.004423183736355075 0.5899339673819745 0.287984718816981 0.7543362322615177
168.0 0.31893369918703013 -0.4827621794527027 0.5773341555886371 0.004678973629764752 0.5940425721233141 0.2908581002846075 0.7499953967923525
169.0 0.3183441198892325 -0.4947984115466429 0.594943067997634 0.0032565823854064386 0.5987657748218417 0.2970162361562776 0.7438079705358936
170.0 0.318659701938905 -0.5060225853816321 0.6119199654790298 0.0018426208979292417 0.6038689812419163 0.3021224230851852 0.7376048398100524
171.0 0.32175977682205725 -0.5155875870192275 0.6289737675488501 0.0005622812618800477 0.6113777500385023 0.3060299898268189 0.7297688510235543
172.0 0.3202563140856194 -0.5259013817949837 0.6458454202592281 1.1247835833022748e-05 0.6180355282993415 0.30828574446226625 0.7231818480815088
173.0 0.3170478463086699 -0.5385471758808529 0.6638540656235932 -0.0005804186446382401 0.6246255627308333 0.31152987839107027 0.7160947593489507
174.0 0.3143507599331549 -0.5582026206403131 0.6866258622313596 -0.002189685319400126 0.6313859704651464 0.31551796820822164 0.7083751642426087
175.0 0.31723440969521405 -0.5563297937760802 0.6976506672160104 -0.0010185331557520526 0.6363999351804814 0.31646098613825907 0.703453288673022
176.0 0.31424540999062717 -0.5827243712733259 0.717561087517833 -0.0011598375189299976 0.6422390567722904 0.32151326064561875 0.6958138198988225
177.0 0.3119969578718944 -0.58861353877539 0.7333558342833987 0.0005278088308068233 0.6476674600068801 0.323082513586553 0.6900320804721105
178.0 0.3136311752939241 -0.5868168601655394 0.7402205730574222 0.0001806311255225558 0.6514186121261768 0.32340967610375526 0.6863380657886216
179.0 0.315390158148615 -0.5948200825244233 0.7520635682340355 -0.0002906285021965313 0.6557917378113153 0.32547056786231915 0.6811798746358176
180.0 0.3185882967557043 -0.6011561579558268 0.7641310008631133 -0.0029795697764575515 0.6602817275911798 0.32728019885981335 0.6759488396376129
181.0 0.3214396148847882 -0.6092578928400313 0.7778716427441487 -0.004331063328504233 0.6652587543547502 0.32877248447828106 0.6703138705821244
182.0 0.3264926141630288 -0.6139721504583732 0.781394069151416 -0.007100693562899707 0.6688365112340715 0.32872421142733177 0.6667440994959314
183.0 0.33026988731008405 -0.6204461674510335 0.7877528080169541 -0.009627421172452827 0.6734244137293637 0.3288736761919633 0.6620037589491579
184.0 0.3360501460568727 -0.6245220820697778 0.7956927177200465 -0.010572170416819094 0.6780563470561453 0.32996054127274094 0.6566992162569968
185.0 0.3416018368048662 -0.6297071183219595 0.8015880591066504 -0.012930034592987331 0.682661553839163 0.33021544380744355 0.6517390411709095
186.0 0.35154704087720273 -0.6308035882655686 0.8050922635898706 -0.013254900968142686 0.6866398432059866 0.3306856976610876 0.6472997780663784
187.0 0.3596796427726009 -0.6377678381474254 0.8079541251930259 -0.015389526336851162 0.6904607470948078 0.3308964475559894 0.6430666063443458
188.0 0.3682566000331426 -0.6394495263913629 0.8159996030242587 -0.014726234279432624 0.6952315589086759 0.3325894713837708 0.6370403920051094
189.0 0.37978177404641605 -0.6407812694459106 0.8201951690477557 -0.01507677938632231 0.6985845173930613 0.3339869390477004 0.6326176470251107
190.0 0.39396629070919537 -0.6393698865433692 0.8254885822206128 -0.01540326921502055 0.7015249740676404 0.3358359649196663 0.6283626776976515
191.0 0.40493359808639373 -0.6453411700080788 0.8276894033730657 -0.017700655261921935 0.7028242326983197 0.3382956899267971 0.6255244287094383
192.0 0.4168101044287947 -0.6470392616693652 0.8289171373018464 -0.017402020809180744 0.7032393559435717 0.3409586307068872 0.6236175030179251
193.0 0.4319272688871859 -0.6493263711197522 0.8294158131859035 -0.017230565560883225 0.7036092217059208 0.3429610213209616 0.62210522308957
194.0 0.445426431294606 -0.6508911647066009 0.8280497033675153 -0.01673303851207768 0.7045038107511963 0.34452976668168056 0.6202367499023761
195.0 0.45487744788712997 -0.650109212914261 0.8293897502895048 -0.014317516040479898 0.7061066693638368 0.34465134923875035 0.618404259107462
196.0 0.4633239501273486 -0.6480465337744488 0.8299009432136499 -0.013010569010461086 0.7067583404590163 0.3456352857249378 0.6171382523774407
197.0 0.47615249069397503 -0.6488924357803669 0.827803140366356 -0.013912180606662094 0.706815345469491 0.3482699524427512 0.6155701088138827
198.0 0.4890689729189925 -0.6478977677341883 0.8217675527984508 -0.014881418769495834 0.7075512660117605 0.3502473015867086 0.6135768713631498
199.0 0.5034896661385142 -0.6490372545569284 0.8191911754605056 -0.014349176206554667 0.7100058580140403 0.35100173710971455 0.6103143151474515
