0.0 0.0 0.0 0.0 0.0 0.0 0.0 1.0
1.0 -0.005634587454166145 -0.0033884317414999304 0.001114477507922463 0.000527330466756722 0.0022954663365966745 0.0006961222306114315 0.9999969840808104
2.0 -0.005711464104376849 0.0026867199628497363 -0.0035331892902923114 0.002856935894292533 0.0017168675328976645 0.0005932297698498926 0.999994269164384
3.0 -0.006708427179353708 0.002959892275305394 0.0021360619261095587 0.0008092389248040845 0.001793480686178844 0.0005936522221783047 0.9999978880659849
4.0 -0.007520295513978304 0.0013201496691284745 0.0027846260592567567 -0.0018012326926009404 0.0017841621180185825 0.0015498905266411274 0.9999955850730937
5.0 -0.0027790417097088645 0.003533372131458501 0.003162466930218353 -0.001788807644643136 0.000437942670824117 0.0008374299244200923 0.9999979535401806
6.0 -0.0073110541496506 0.005917353892690568 0.005017059777504757 -0.0017705005355707875 0.0023452231323104014 0.0006740450745233426 0.9999954554494489
7.0 -0.008761108771251412 0.0024860382449014614 0.00572743123975116 -0.004839283208645256 0.00293300499154084 0.0007472212557007947 0.9999837101073903
8.0 -0.010199342923771431 0.007081547279247886 0.005156472513977591 -0.005488739702943206 0.0023926014915219857 0.00024767414668655047 0.9999820437648334
9.0 -0.010786942931811363 0.016190163137840843 0.003564087321491095 -0.005256859035301132 0.0009477506373819777 -0.0008560806700930316 0.9999853670567878
