0.0 0.0 0.0 0.0 0.0 0.0 0.0 1.0
1.0 -0.010469595581831014 0.0001043140792660952 -0.0003198547444822299 -0.006630377771499669 0.006107796984707011 -0.005099558996370762 0.9999463622638183
2.0 -0.005653209601830173 0.011995229469001407 0.005509349471079835 -0.006294146414543607 0.006772634107454126 -0.005770128859822329 0.9999406086168817
3.0 -0.004819891356402155 0.011093205299457436 0.00965092626981741 -0.007986321510992156 0.008616765502845123 -0.008808774443717143 0.9998921819445293
4.0 -0.010582077542557652 0.010536433769277022 0.010724241820752612 -0.008168635058561434 0.011324739134130282 -0.010768750309799952 0.9998445167632761
5.0 -0.00792418073509974 0.014655881207535557 0.008537118207792292 -0.005745104048022816 0.009663772328518708 -0.009574493455302643 0.999890961234741
6.0 -0.006100314915077699 0.004624776181602513 0.007646248827998012 -0.009004419308979673 0.006531352604910024 -0.011465322503150317 0.9998723959815857
7.0 -0.010443669521128539 0.00467777445015372 0.006333611123024792 -0.008129062767865463 0.005883471401673885 -0.010182965079652497 0.9998977999400581
8.0 -0.014985804065575892 0.011724700168766528 0.0021831537921465287 -0.005231310308498565 0.006706351900578716 -0.009741859382295059 0.9999163737095305
9.0 -0.011444856426061717 0.011478972083665105 0.0031007285126411605 -0.005525771943707995 0.0042365814771781725 -0.00923639830118548 0.9999331008463692
