0.0 0.0 0.0 0.0 0.0 0.0 0.0 1.0
1.0 0.005249494988391003 0.006340061025492348 -9.855421448020225e-05 0.0010950245962043335 -0.0007086001395149161 0.0005587021551351302 0.9999989933289322
2.0 0.008019261149685647 0.005531319232392658 0.002829431939018796 -0.001140585740052056 -0.0009796443574625134 0.0019652383557628387 0.9999969385949677
3.0 0.007926037293325241 0.0011623335631995222 0.005799768428274366 -0.004234788394381288 0.000899366372548884 0.0010929676044720378 0.9999900315149137
4.0 0.010687138002470259 0.005486590012378984 0.006268103794169575 -0.004362515890591771 0.0024397787003625888 0.0022034767568247233 0.9999850802012897
5.0 0.011904662027385673 0.005221129873230645 0.009327197628210573 -0.005543936223422542 0.0036540467169362215 0.0024247982151315442 0.9999750162215839
6.0 0.015211489798376932 0.005190591446322865 0.011473776290500361 -0.00624154064355437 0.004173010448124181 0.0024063969612134256 0.999968918720907
7.0 0.017229096847891492 0.0055719906098938374 0.013332826797022362 -0.006909382854242851 0.004653350392336597 0.0030046004780111602 0.9999607887985744
8.0 0.01782128492179838 0.006909006932012599 0.01861239511583092 -0.007082925234597132 0.0050320099014665425 0.003190404873488959 0.9999571652642005
9.0 0.02024654545616367 0.0071800519547940604 0.018422551535192257 -0.00695215976117443 0.005206906171610919 0.004387362838447338 0.9999526522041426
