0.0 0.0 0.0 0.0 0.0 0.0 0.0 1.0
1.0 -0.005557683384673444 0.010783106728064628 -0.01104774574988032 0.004560876811256552 0.0004958672662708532 0.0011048888568299042 0.9999888658075052
2.0 -0.0012809387396724866 0.005142865110449596 -0.007413626117930405 0.0015726730538510524 0.0006596362827082487 0.0025078915417399354 0.9999954010191522
3.0 0.0030902143878169227 0.003739536081027871 -0.006316248415567831 0.0002069460687362392 -0.0003567498467690333 0.003323617904603427 0.9999943917177214
4.0 0.007682303834823689 0.0033251988844531003 -0.002002054190772323 -0.0005490248256219906 -0.0007829433083140661 0.003998596737129001 0.9999915483621102
5.0 0.008541063390380197 0.006197201198096751 -0.0036551153526001097 0.0018056926073000484 -6.774943910560992e-05 0.0037308420614669967 0.9999914078139541
6.0 0.01130719424062803 0.0054646746619493826 -0.0028584910324775743 0.003597008389284579 0.0023070135027392085 0.003758712933423228 0.9999838055170842
7.0 0.015477106935138818 0.0038036022985079715 -0.0009026148993174241 0.005364878666588392 0.0023823769653840733 0.0036330042960695 0.9999761715344382
8.0 0.01755894317705962 0.009255821254568416 -0.0038759660633508547 0.008770719091133604 0.0028842915734998476 0.001975015642055849 0.999955426337573
9.0 0.0194647517560254 0.008859873725794356 -0.005324977868634748 0.008521317514388515 0.002555174768162944 -0.0011886423618135342 0.9999597218683655
