0.0 0.0 0.0 0.0 0.0 0.0 0.0 1.0
1.0 0.0078137763699045 0.007925561036509168 0.0006775046211669457 0.001266913648413021 -0.0008389365444380767 0.000554082074066169 0.9999986920533132
2.0 0.006595763532503901 0.009082330959989941 0.0052995038089767976 -0.0008608529838630825 0.00010712963762971321 0.0015018124605507858 0.9999984960062261
3.0 0.008578166881982738 0.002841713868985324 0.006076908096748921 -0.0038023227753720256 0.0015484149835245345 0.0005381393664408245 0.999991427542543
4.0 0.011890386544524616 0.01048685044267662 0.008632031085408238 -0.0036471860528145134 0.0027358694369659176 0.0017438037179275977 0.9999880860294853
5.0 0.013264881334077232 0.008958670482551497 0.013834428373670049 -0.005046080544004328 0.003710017783011707 0.0020214079575665233 0.9999783431400213
6.0 0.016563179183325918 0.009252826209335164 0.014863634543775693 -0.005559093252901929 0.00429814279762319 0.002822163377794336 0.9999713285112557
7.0 0.01648091274837877 0.008290243544662587 0.017799758149415174 -0.0064591947123176265 0.005165732009782886 0.0025359642410895736 0.9999625807508197
8.0 0.020533048082492258 0.007832496986541296 0.019244424005570644 -0.007036917008108609 0.005021934320734959 0.003148752171396249 0.999957672771434
9.0 0.022203734722429074 0.01049109908484591 0.02075496984980673 -0.00655278037526022 0.005255938941111819 0.004447529195565415 0.9999548268093192
