0.0 0.0 0.0 0.0 0.0 0.0 0.0 1.0
1.0 -0.0027346648091602778 0.010610283931715018 -0.011914928092789656 0.004557628780983455 0.00019092707887276853 0.0005574396243996676 0.9999894403581522
2.0 6.413763171599592e-05 0.005377038405230111 -0.0075243240124797705 0.0006043852042897132 0.0005422677783466278 0.002127241628116618 0.9999974077502587
3.0 0.004114875094076828 0.004607659885433053 -0.006860518968255616 -0.00042239355359558394 -0.00047758137976174953 0.002615128697886125 0.9999963772942406
4.0 0.008255733411289412 0.003302288974870114 -0.0025150864788675547 -0.0009330283846428821 -0.0007699363781028141 0.0037091251823000134 0.9999923894942347
5.0 0.009268973003695571 0.00532545019626207 -0.0036537417012327523 0.002180749574800963 0.0010452725207669125 0.002894656436117098 0.9999928863250809
6.0 0.011906462993147793 0.006029010660275882 -0.0015867039803744575 0.00431565189121014 0.0030402161512432385 0.002969690080262424 0.9999816564194238
7.0 0.015276703871621396 0.00406180951826995 -3.076718109012777e-05 0.005593371063173982 0.0029588411904619347 0.003245808362017586 0.999974711773771
8.0 0.017376512446714027 0.010302534530207191 -0.003335395927828746 0.009104200422984043 0.00312539857022108 0.0005916369141200085 0.999953496610816
9.0 0.018900242602109978 0.009525494167076133 -0.0066308745860002094 0.008539019278844559 0.0025261350433774038 -0.0020203578991105225 0.9999583101037051
