0.0 0.0 0.0 0.0 0.0 0.0 0.0 1.0
1.0 0.005093822143753954 0.006913457923760695 0.000899386572355766 0.0011900017361553637 -0.0007213949689681829 0.0005652476913443286 0.9999988719894708
2.0 0.006150607446483116 0.005611606859783811 0.002767786972356918 -0.001299268359330857 -0.00030603457273250205 0.001329591263915052 0.999998225214246
3.0 0.007730922406293263 0.0013829005330341872 0.005445619744879089 -0.004006306147416184 0.0013445598899986808 0.000874363980730445 0.9999906885353406
4.0 0.010774370228596444 0.005832806001849583 0.006098549859845684 -0.004305627804253365 0.0025174960441739606 0.002175857714712269 0.9999851946034422
5.0 0.011264626684377476 0.005660390680510251 0.0110052056837674 -0.0054285142020400225 0.0038768027875565035 0.002368689984551403 0.9999749451568583
6.0 0.01108513205721271 0.006205730555944153 0.012438325272390534 -0.006164179919761033 0.004722187784941405 0.0023834971178252518 0.9999670108408227
7.0 0.013847988670907238 0.0056337648837427295 0.012808221565185584 -0.006985993785988984 0.005098526720929696 0.0030101992160252735 0.9999580689292816
8.0 0.017189933431262596 0.007261917586297656 0.01800232784324625 -0.007012282287079903 0.004946612742450659 0.0031595540180203684 0.9999581871947995
9.0 0.020204814764383832 0.007492315471806332 0.01806769778751103 -0.006881536387868927 0.004989127183000666 0.004506462084576314 0.9999537213623312
