0.0 0.0 0.0 0.0 0.0 0.0 0.0 1.0
1.0 -0.0027346648091602726 0.010610283931715018 -0.011914928092789795 0.004557628780983478 0.00019092707887283147 0.0005574396243997017 0.9999894403581522
2.0 6.413763171605054e-05 0.005377038405230052 -0.0075243240124796325 0.0006043852042896323 0.0005422677783465475 0.002127241628116642 0.9999974077502587
3.0 0.004114875094076729 0.004607659885433121 -0.006860518968255527 -0.000422393553595519 -0.0004775813797617233 0.0026151286978860866 0.9999963772942406
4.0 0.008255733411288472 0.0033022889748704773 -0.002515086478868258 -0.0009330283846422152 -0.0007699363781021182 0.0037091251822992002 0.9999923894942347
5.0 0.009268973003713666 0.005325450196249442 -0.0036537417012309547 0.0021807495747985196 0.001045272520763028 0.002894656436118824 0.9999928863250809
6.0 0.011906462993152822 0.006029010660268014 -0.0015867039803723073 0.004315651891202961 0.0030402161512389754 0.00296969008026457 0.9999816564194239
7.0 0.01527670387162307 0.004061809518265749 -3.076718108876281e-05 0.005593371063168607 0.0029588411904601 0.003245808362018371 0.9999747117737711
8.0 0.017376512446713052 0.010302534530208686 -0.0033353959278290043 0.009104200422984241 0.003125398570221233 0.0005916369141198608 0.999953496610816
9.0 0.018900242602108933 0.009525494167077604 -0.006630874586000693 0.008539019278846092 0.0025261350433783253 -0.0020203578991109237 0.9999583101037051
