0.0 0.0 0.0 0.0 0.0 0.0 0.0 1.0
1.0 0.005249494988391003 0.006340061025492348 -9.855421448020225e-05 0.0010950245962043335 -0.0007086001395149161 0.0005587021551351302 0.9999989933289322
2.0 0.008019261149685647 0.005531319232392658 0.002829431939018796 -0.001140585740052056 -0.0009796443574625134 0.0019652383557628387 0.9999969385949677
3.0 0.007926037293325213 0.0011623335631994916 0.005799768428274224 -0.004234788394381246 0.0008993663725489535 0.0010929676044720642 0.9999900315149137
4.0 0.010687138002470165 0.00548659001237901 0.006268103794169568 -0.004362515890591766 0.0024397787003626777 0.0022034767568246583 0.9999850802012897
5.0 0.011452736968511215 0.004469052870752092 0.009839899022608746 -0.005657543757051776 0.00372685783926805 0.002322263169694668 0.999974354582683
6.0 0.014571691269157517 0.004206682560750256 0.012221244820579496 -0.006385148037776021 0.004273360110878442 0.002305658440998729 0.9999678255909297
7.0 0.016695909942314832 0.0049908235580009615 0.01395454381642071 -0.00699767494410311 0.0047452855428254115 0.0028957853075043593 0.9999600638215241
8.0 0.017607074169737204 0.006600915582157116 0.01889288592731639 -0.007150279746937871 0.005097107936693304 0.0030854387027086875 0.999956685591048
9.0 0.020378814801355994 0.008071103995602812 0.01815505183644443 -0.006884214987415825 0.005264649376867907 0.0043632802432410425 0.9999529253102191
