0.0 0.0 0.0 0.0 0.0 0.0 0.0 1.0
1.0 0.004353629557316861 0.0012448543758640002 0.00013509778950735927 -0.006061599073710529 0.0021157623137573306 -0.0035362647675705617 0.9999731373381963
2.0 0.003033026300596405 0.00596504897542455 0.004761057546151298 -0.008618980129594543 0.004183878370962475 -0.004553841438265523 0.9999437338527892
3.0 0.0007881677076076986 0.008651181039326548 0.006125667768828649 -0.009010800392265718 0.006554070281845824 -0.007910014679595618 0.9999066362950093
4.0 -0.00436069413049782 0.00921890513614598 0.006760308019487968 -0.008854811052768896 0.008688282729050315 -0.00999259868547654 0.9998731189685773
5.0 -0.0015067325934705654 0.013736002253838616 0.004590088389406922 -0.006000644251845116 0.006721596598215595 -0.009065658941465663 0.9999183097811994
6.0 -0.00521556080779994 0.0085334850339766 0.005137867854115105 -0.0073982069769108144 0.00606613620991747 -0.010216110436031604 0.9999020450086941
7.0 -0.005740652509764395 0.008957957910811703 0.004398323832907893 -0.006248965207740547 0.004419358152740022 -0.009051055453520671 0.9999297465834925
8.0 -0.007324997351897966 0.012933634229468761 0.0014086547084306814 -0.004571159334991808 0.003991316710453668 -0.008378551203532075 0.9999464854545872
9.0 -0.0026064300946770157 0.014606768514815958 0.0012887029013017176 -0.004101153660129172 0.0015508856273868292 -0.007606006435337364 0.9999614612366481
