0.0 0.0 0.0 0.0 0.0 0.0 0.0 1.0
1.0 0.0062693915692390014 0.0076669818338563275 -0.0006864544373529762 0.001238861788741369 -0.0007404246125807728 0.0007264438083296341 0.9999986946352755
2.0 0.00693587770242852 0.00880145058636709 0.00445724326284046 -0.0008760111190353288 -0.0006298164320364718 0.0021069912795845048 0.9999971982578396
3.0 0.007925557417285938 0.0023786801294154577 0.005571533999116966 -0.0041308363825397895 0.0011831997334974423 0.00019586166436972926 0.9999907488908985
4.0 0.011273359825318994 0.011240753446225618 0.007488928197188269 -0.003564901970494022 0.0027654326357315394 0.0019056101620935411 0.9999880061811682
5.0 0.012720350340241677 0.009110835250454022 0.012954111718599923 -0.005095197198932057 0.0037496803908646367 0.0019221416333580449 0.9999781418781172
6.0 0.016408490252163996 0.008744142201958564 0.014195005869218342 -0.005677741498004961 0.004273711777596294 0.0027193641430521354 0.9999710514298807
7.0 0.01560178727975324 0.00829750707815522 0.018158133992518338 -0.006537592587181269 0.005199615255639495 0.002297963137876949 0.9999624709206713
8.0 0.01910286812873893 0.007065375785791017 0.01884901170777416 -0.00711219932180388 0.005195454048254152 0.002953625466008833 0.999956849056321
9.0 0.022652598111007265 0.011666805932930365 0.019797390392878162 -0.006307187735744997 0.00510086227988527 0.004363185070889669 0.9999575807017541
