0.0 0.0 0.0 0.0 0.0 0.0 0.0 1.0
1.0 0.007813833013431887 0.007925617548501023 0.0006775015495111827 0.0012669017737796924 -0.0008389795712194418 0.0005539894687273006 0.9999986920835663
2.0 0.006595763532503915 0.009082330959990018 0.005299503808976796 -0.000860852983863029 0.00010712963762969988 0.0015018124605507902 0.9999984960062261
3.0 0.008578191638428793 0.0028418668366488307 0.006076947008353031 -0.003802394919070776 0.0015484579181465339 0.0005378337237376062 0.9999914273661753
4.0 0.011890521439441814 0.010487014550185908 0.008631973213847625 -0.00364719650155885 0.002735679109097267 0.001743689570142547 0.9999880867111238
5.0 0.013264924531729555 0.00895878803040992 0.01383442602793098 -0.005046217875635282 0.0037100331527348566 0.002021056937595579 0.9999783430994954
6.0 0.016885725064314423 0.010102000286437844 0.014431826528676438 -0.005450970586140776 0.004250288969194309 0.0029197396418687385 0.999971848145622
7.0 0.01648074191619421 0.008290035989007138 0.017800002868073733 -0.006460643984493516 0.005166621199578944 0.002536875290803026 0.9999625644835134
8.0 0.020545386415914416 0.007857426844366511 0.019254171507505035 -0.007033148954995822 0.005025020195408988 0.0031509292383972163 0.9999576769207521
9.0 0.022204768358680807 0.010498151127579623 0.02075666715333334 -0.0065516406879634545 0.005255829651406678 0.004447881981837982 0.9999548332824073
